((-0.61717685810345,-0.58707579563604,0.45652887539488),0.25693602692219)
((-0.6146683928254,-0.59626592095278,0.45890159773442),0.23676790738732)
(0.079963113948872,0.14390349599373,0.29575319130788)
(0.082972295846611,0.149200988762,0.30832042964993)
7
((-0.61782940545077,-0.59272049730225,0.45321835996016),0.248117625398)
((-0.61607541303694,-0.59824188870477,0.45535112739052),0.23497463444912)
(0.083064501538225,0.14301293572213,0.3068691465982)
(0.084956763277587,0.14619982653669,0.31476800849142)
7
((-0.61867205437008,-0.59567162342777,0.45152267592746),0.24196586393073)
((-0.61743117039709,-0.59917387162785,0.4532551127051),0.23308630201548)
(0.085566024375528,0.1413221549374,0.31524260361163)
(0.086808584778642,0.14332838789407,0.32041822267806)
7
((-0.62290798900023,-0.599609886601,0.44510036999663),0.23310787579765)
((-0.62202072604308,-0.60178559961223,0.44652500864656),0.22706766640227)
(0.089063339719732,0.14016742364713,0.32591786010635)
(0.08987712361393,0.14141960216066,0.32928659524134)
7
((-0.6260035680358,-0.60271535513445,0.44083780137017),0.22475712752819)
((-0.625412297959,-0.60392430799528,0.44189902373393),0.22104330027635)
(0.092108161935665,0.13740015932366,0.33531227071888)
(0.092585882556403,0.13809651802704,0.33728181148151)
7
((-0.62671862636198,-0.6021612309257,0.4394178049593),0.22701895961736)
((-0.62637234160912,-0.60285148205413,0.44007284954198),0.22486366391271)
(0.093417904473664,0.13279604261911,0.3394857991257)
(0.093693305695848,0.13317798614561,0.34061726817174)
7
((-0.62877823501792,-0.60067939778756,0.4399189094191),0.22426222458728)
((-0.62848809507786,-0.60117886940545,0.44048454944943),0.22262085037599)
(0.093670801905236,0.12987678810771,0.34014255710773)
(0.093875331620623,0.13015351068267,0.34098270686282)
7
((-0.62980319094152,-0.60098854987719,0.43797548802183),0.22436170682276)
((-0.629598703531,-0.60126072862366,0.43839802087239),0.22337901428336)
(0.094990049017699,0.12590177593371,0.34406457284344)
(0.095109722179802,0.12605679339841,0.34455513494219)
7
((-0.63332110683805,-0.60159224743004,0.43222987933539),0.2239832022166)
((-0.63318780037632,-0.60172930881079,0.43251766934577),0.22343570456933)
(0.096431725266373,0.12213532645305,0.34925614278665)
(0.096496687035388,0.12221597523779,0.34952130376632)
6
((-0.63781793047559,-0.60196975805134,0.42402359405212),0.22588645298596)
((-0.63778258290006,-0.60203306148123,0.42409519068453),0.2256830500306)
(0.098975351161013,0.11579181624498,0.35525004148201)
(0.098999517054724,0.11581923245023,0.35534372661702)
6
((-0.64285684448788,-0.59406178633271,0.42370229604133),0.23302797223419)
((-0.6428575157655,-0.59409573169873,0.42368841182323),0.23296481641628)
(0.098632652036991,0.10798575353281,0.35221096526025)
(0.098640594306105,0.10799399767284,0.35223785355785)
6
((-0.63943915439913,-0.59733521766333,0.42805103908062),0.22600998540424)
((-0.63945385882687,-0.59736238003484,0.42800484075109),0.22598408272304)
(0.098927366548281,0.10533561666615,0.35281065900375)
(0.098931119558672,0.10533922211636,0.35282023250963)
6
((-0.64617492935169,-0.59634416861112,0.42086140401255),0.22295127685985)
((-0.64615283924207,-0.59633384517102,0.42090492869635),0.22296074641534)
(0.10089465481072,0.10219947486641,0.35915540319889)
(0.10089246910192,0.10219763164823,0.3591449066412)
6
((-0.65028525378861,-0.59521052319054,0.41073614100461),0.23270011658993)
((-0.65031003737048,-0.59521994370478,0.41066442900946),0.23273332519779)
(0.1003477135019,0.096058344600545,0.35734803165367)
(0.10034464471179,0.096055317660728,0.35733125964735)
6
((-0.65096450660777,-0.59371722984157,0.40618445861628),0.24240306867851)
((-0.65102755392063,-0.59374514533627,0.40601924642591),0.24244215383771)
(0.10022129522074,0.090810315468831,0.35752946466948)
(0.10021872043513,0.090807476507502,0.35751243832065)
6
((-0.65071643352552,-0.58811951799308,0.41281621781974),0.24549200801742)
((-0.65072332080536,-0.58811639614683,0.41279117803717),0.24552333428414)
(0.099146920549052,0.083541822922875,0.35383257687519)
(0.099143273619617,0.083538900495397,0.35381637390922)
6
((-0.65152073416662,-0.58470625773584,0.41329860294026),0.25064634432435)
((-0.6515425505026,-0.58471216083733,0.41323936207042),0.2506735396669)
(0.098638031169827,0.07951115816225,0.35236665644328)
(0.098635527292053,0.079509112275246,0.35235418571836)
6
((-0.65222194541048,-0.58232615653136,0.4100679823469),0.25951306556381)
((-0.6522428302862,-0.58233265009526,0.41001242147194),0.25953379204257)
(0.097543737605771,0.073953074995741,0.34931251273777)
(0.09754192157293,0.073951648846608,0.34930332780149)
6
((-0.65630380828388,-0.58195782783515,0.40515346451508),0.25776164967834)
((-0.65633559992531,-0.58197089088941,0.40507238336919),0.25777863887389)
(0.097936509546978,0.071404273650775,0.35213906490901)
(0.097935674677428,0.071403495978215,0.35213317326308)
6
((-0.65794196326798,-0.58104043366855,0.40176254303063),0.26094299460017)
((-0.65794693542917,-0.58104028566635,0.40174571740178),0.26095669208022)
(0.097788426759626,0.068620341152871,0.35222345261942)
(0.097786784545011,0.068619247362218,0.35221674123314)
6
((-0.65869798606378,-0.57697049177964,0.40464973807567),0.26359173781885)
((-0.65868832179728,-0.57696333901437,0.40466828543241),0.26360307078345)
(0.095963046063999,0.065800276028611,0.34786291547476)
(0.095961043896491,0.065799074186472,0.34785612650555)
6
((-0.65788749017,-0.57737267165899,0.4044493445737),0.26503881974739)
((-0.657892725069,-0.57737334710803,0.40443335767495),0.26504874938456)
(0.094776703625582,0.065192598643005,0.34733715023072)
(0.094775584376246,0.065191860082456,0.34733274892222)
5
((-0.65801017706737,-0.57686729642084,0.40549596500723),0.26423427400459)
((-0.6580206908273,-0.57687083152953,0.40546818009695),0.26424301145434)
(0.092022380061943,0.06451570178344,0.34379702137583)
(0.092021717046751,0.064515209990009,0.34379411631596)
6
((-0.65788191210726,-0.5751675282465,0.40521403794987),0.26865458794011)
((-0.65788353498966,-0.57516641700974,0.40520731787319),0.2686631286122)
(0.090896591217557,0.064188784231027,0.34177861300687)
(0.090895553751018,0.064188102228755,0.34177494402187)
7
((-0.65887633804678,-0.57712126582316,0.40467248023568),0.26277975461715)
((-0.65886981291827,-0.57711614204145,0.40468505253476),0.26278800671868)
(0.091410947309857,0.064462655753943,0.34440726112898)
(0.091409571581401,0.064461808087628,0.34440291046402)
6
((-0.66004662460255,-0.57653635900319,0.40316503448463),0.26344303951163)
((-0.66004106075874,-0.57653173706793,0.40317543129983),0.26345118307214)
(0.091038186447122,0.064341086614728,0.34416656492407)
(0.091036891697429,0.064340284383018,0.34416247977197)
6
((-0.65751861344676,-0.57614170152482,0.40506164992267),0.26768465121682)
((-0.65750842333522,-0.57613475047266,0.4050830920749),0.2676921946118)
(0.089715225653576,0.063767570957395,0.34117604185157)
(0.089713803994147,0.063766713418482,0.34117182893897)
7
((-0.65859698546913,-0.57488546322985,0.40505333292199),0.26774710528174)
((-0.65859589013198,-0.57488323731921,0.40505364916553),0.26775410033899)
(0.088700976845446,0.063515937999667,0.3406194588109)
(0.088700049635099,0.063515338012767,0.34061656215136)
6
((-0.65865073784077,-0.57625574353223,0.40449837271484),0.26549875717028)
((-0.65866537704218,-0.57626176315582,0.40446163870276),0.26550533747611)
(0.08876885679969,0.063603810735931,0.34201179661357)
(0.088768697188608,0.063603609128543,0.34201078543866)
6
((-0.65911485372468,-0.57667943586351,0.40354392243438),0.26487872794527)
((-0.65910641201407,-0.57667356879615,0.40356181683439),0.26488524437419)
(0.088282504662635,0.063495784425651,0.34133759530627)
(0.088281315417876,0.063495058521966,0.3413342528882)
6
((-0.65994930796347,-0.57646968083065,0.40225974438335),0.26521070123616)
((-0.65993928429368,-0.57646303826931,0.40228147932155),0.26521711473835)
(0.088360469221407,0.06356039103714,0.34236428926487)
(0.088359233930641,0.063559646190119,0.34236090128902)
6
((-0.66000068135045,-0.57496434009325,0.40258606564062),0.26784243127274)
((-0.66001272856062,-0.57496899101097,0.40255552376676),0.26784866585193)
(0.087703755563405,0.063126098521939,0.34009622411019)
(0.087703508647079,0.063125852376571,0.340095096574)
6
((-0.65818689471395,-0.57488711002654,0.4059158192221),0.26744563944361)
((-0.65816774222735,-0.57487573747602,0.40595901098932),0.26745166095826)
(0.087263295858154,0.062890856056743,0.33934383629574)
(0.087261677402385,0.062889918443437,0.33933962628216)
6
((-0.66005278408442,-0.57493728311201,0.40305405442376),0.26706716743689)
((-0.66006498002277,-0.57494210120536,0.40302331222904),0.26707304657909)
(0.087005062613917,0.062861192187073,0.33910742699088)
(0.087004880988586,0.062860988174727,0.33910657835453)
6
((-0.65987038876419,-0.57468289899928,0.40329538085492),0.26770033883257)
((-0.65987723145697,-0.57468499043368,0.40327741911777),0.26770604103127)
(0.086569620676274,0.062782307028194,0.33875820540773)
(0.086569229578121,0.06278200033924,0.33875694521435)
6
((-0.66056615939511,-0.57462054907479,0.40209185717598),0.26792855770848)
((-0.66056994276822,-0.57462108966676,0.4020811808403),0.26793409270834)
(0.086324229208692,0.062791271056843,0.33908829277579)
(0.086323727420669,0.062790910744718,0.33908684211484)
6
((-0.6598999680258,-0.57523466112729,0.40203784993008),0.26833315870558)
((-0.65990290142787,-0.5752348487897,0.40202932354379),0.26833831712204)
(0.085640845769341,0.062582376274199,0.33831872825287)
(0.085640356617511,0.062582028831662,0.33831741845945)
6
((-0.6614482803089,-0.57473798918379,0.40079288532308),0.26744621765838)
((-0.66146084147672,-0.57474314491151,0.40076146819846),0.26745115101181)
(0.085463102914335,0.062622802900747,0.33881434866131)
(0.085463051865683,0.0626226776131,0.33881408877563)
6
((-0.66127438091824,-0.57547972117862,0.40062099470219),0.26653724365874)
((-0.66127081684569,-0.57547667456961,0.40062813507249),0.26654193141583)
(0.085088634804916,0.062493085430199,0.33911102989192)
(0.085087933925938,0.062492641008835,0.33910940899805)
6
((-0.66082320577712,-0.5745841535178,0.40120980272225),0.26869394379526)
((-0.6608280617063,-0.57458546413249,0.40119697424778),0.26869835340689)
(0.084409745200812,0.062157488443218,0.33750795618376)
(0.084409436594987,0.062157245593736,0.33750728830779)
6
((-0.65977789532116,-0.57493124302493,0.40233932966033),0.26883128249491)
((-0.65978179447433,-0.57493211137197,0.40232886206514),0.26883552172838)
(0.084040916228592,0.061976964514086,0.33675085616764)
(0.084040589860338,0.061976716858828,0.33675019831709)
6
((-0.66069380111164,-0.57458077247694,0.40094433983465),0.26941468673221)
((-0.66069589198865,-0.57458072649544,0.40093821340847),0.26941877454648)
(0.083715962163298,0.06182704073356,0.336459353589)
(0.083715578054814,0.061826766632943,0.33645861354248)
6
((-0.65859849506407,-0.57484985129406,0.40429328008053),0.268965823941)
((-0.65859470320683,-0.57484680794915,0.40430120048023),0.26896970756726)
(0.083511549799719,0.061791706416153,0.33650855796991)
(0.083510929613229,0.061791315167361,0.33650732200031)
6
((-0.65977666667969,-0.57461443518056,0.40242879789),0.26937717723663)
((-0.65977438723421,-0.57461218373074,0.40243319327695),0.26938099637287)
(0.08311424358603,0.061726051616075,0.33593051735154)
(0.083113707825679,0.061725705717181,0.33592951401599)
6
((-0.66070209852209,-0.57531200477872,0.40134367874252),0.2672303981575)
((-0.66070767372166,-0.57531390340402,0.40132941873657),0.26723394262689)
(0.083453007529484,0.061899760867263,0.33819098111092)
(0.083452842514215,0.0618996086477,0.33819091624904)
6
((-0.65995007126696,-0.57433081472472,0.40204598313543),0.27012783295514)
((-0.65994149374507,-0.57432540677272,0.40206547628754),0.2701312731739)
(0.082701696817909,0.061302408564934,0.33568462269399)
(0.082700939385357,0.06130196025236,0.33568322723038)
6
((-0.65938413277756,-0.57420726284758,0.40350384051368),0.26959828527827)
((-0.65939254509695,-0.57421068320773,0.40348304992224),0.26960154151288)
(0.082572197197095,0.061245238066801,0.33571754595715)
(0.08257219242118,0.06124517407659,0.33571793037407)
6
((-0.66151506460663,-0.57409222088594,0.40044833131425),0.26917851913624)
((-0.66151509652889,-0.57409128440478,0.40044741789492),0.26918179681423)
(0.082382383527409,0.061256448710513,0.33563257261757)
(0.082382016187393,0.061256199702278,0.33563212084956)
6
((-0.66107510760431,-0.57424927603013,0.4001795865117),0.27032160406477)
((-0.66108845641008,-0.57425523999251,0.40014693652026),0.27032462214146)
(0.082014000686701,0.061248312623309,0.33537209118905)
(0.082014212909468,0.06124835570895,0.33537299805879)
6
((-0.66030775743008,-0.57440730434714,0.40196206672932),0.26921443330735)
((-0.66031242539363,-0.57440884963595,0.40195023811977),0.26921734789226)
(0.081897699418451,0.061170280193173,0.33565530212606)
(0.081897572661751,0.061170159465434,0.33565550491718)
6
((-0.66121700476211,-0.57442165140839,0.40042864712389),0.26923732573552)
((-0.66123140119076,-0.57442824310185,0.40039357379298),0.26924006698765)
(0.081708758506293,0.061151508831369,0.33566997795511)
(0.081709057484201,0.061151604115027,0.3356711893625)
6
((-0.66112998871953,-0.57492366058207,0.4008484049295),0.26775077737347)
((-0.661139585365,-0.57492785853314,0.40082487238023),0.26775329657589)
(0.081473257393215,0.061087112586982,0.33613212103231)
(0.081473391843312,0.061087133114698,0.33613305240202)
6
((-0.66276627991031,-0.57469555818063,0.39963336169939),0.26600573271669)
((-0.66277830201159,-0.57470102581002,0.39960396676764),0.26600812592683)
(0.08137800998882,0.061110713978699,0.33639217459148)
(0.081378264819313,0.061110798649927,0.33639342653583)
6
((-0.66227543308169,-0.57403539033788,0.39885558811677),0.26979407184763)
((-0.66228476042341,-0.57403945244083,0.39883273477383),0.26979631729356)
(0.080602559362171,0.060716709918852,0.33450654629382)
(0.08060269758251,0.060716732560026,0.33450752616541)
6
((-0.66302508202687,-0.57454998804852,0.39914685218042),0.26640540953813)
((-0.6630229385624,-0.57454820352148,0.3991516149193),0.26640745687318)
(0.080427051798086,0.060633006828014,0.33560164827259)
(0.080426741657517,0.060632810331225,0.3356016890927)
6
((-0.66180778515684,-0.57410252205799,0.40025812482463),0.2687195251267)
((-0.66181523451784,-0.57410573767506,0.40023994928386),0.26872138047785)
(0.080000111216791,0.060484033152451,0.33460031101113)
(0.080000229116594,0.060484057633171,0.33460139051043)
6
((-0.6622462684431,-0.57433014530196,0.39946645268127),0.26833061195633)
((-0.66222440081589,-0.57431813100828,0.39951854536534),0.26833273983687)
(0.080010983721722,0.060474838685242,0.33476405989265)
(0.080009835630842,0.060474216505461,0.33476214697156)
6
((-0.66228781379168,-0.5740335432709,0.39951450725874),0.26879081344551)
((-0.66228859098678,-0.57403330054139,0.3995123164167),0.26879267316962)
(0.079867721222827,0.060360704184765,0.33428715357635)
(0.07986755653498,0.060360585215602,0.33428757719682)
6
((-0.66190806494687,-0.5737876544913,0.39905653944505),0.27092308767952)
((-0.66191753208686,-0.57379192826782,0.39903355804813),0.2709247558312)
(0.079568480762596,0.060158582067836,0.33359404221404)
(0.079568691601305,0.060158653382839,0.33359535634397)
6
((-0.66964961105761,-0.58411878108985,0.37697896760519),0.261269029875)
((-0.66965499614806,-0.58412142845532,0.37696532274322),0.26126899625168)
(0.0838417346589,0.059138659201786,0.35046559101371)
(0.083841930746578,0.059138744913853,0.35046732876398)
6
((-0.66480743445423,-0.56981142046961,0.39427003893286),0.27910062091775)
((-0.66480472812222,-0.56981027234342,0.39427672378794),0.27909996789201)
(0.079923407825902,0.052268559914223,0.33391065027086)
(0.079923373351076,0.052268556174313,0.33391204397132)
6
((-0.66598592626476,-0.56995928607497,0.393025549131),0.27774102319328)
((-0.66597900964917,-0.56995611320021,0.39304227915586),0.27774044453119)
(0.080168554431523,0.051835444210905,0.3342683783343)
(0.080168332323525,0.051835356150571,0.33426931974655)
6
((-0.66683681080479,-0.57000918225169,0.39208072035363),0.27693123448147)
((-0.66684158478218,-0.57001173295463,0.39206966223229),0.27693014472301)
(0.079455738255084,0.051846128543405,0.33421640789067)
(0.079456066560336,0.051846292009213,0.33421874959984)
6
((-0.66755570469246,-0.56998201129708,0.39088553082125),0.27694474128404)
((-0.6675418388773,-0.56997548515986,0.39091920158286),0.27694406926112)
(0.078601430758367,0.051733436271893,0.33365388456109)
(0.078600942725451,0.051733234193861,0.33365425635664)
6
((-0.66710779655248,-0.57048220846216,0.38954097025176),0.27888182103239)
((-0.66711206155754,-0.57048456382718,0.38953121830761),0.27888042190722)
(0.077789537825483,0.051586242800475,0.33277901705273)
(0.077789869339079,0.051586412586017,0.3327814286976)
6
((-0.66660315243278,-0.56958560491574,0.39197458396557),0.27851104352335)
((-0.66661088636657,-0.56958971436777,0.39195664220827),0.27850937882383)
(0.076686976309291,0.05106253601238,0.331208974304)
(0.076687489491652,0.051062793619799,0.3312118933009)
6
((-0.6666617389334,-0.56944098073673,0.3912362524681),0.27970214524492)
((-0.66666004543171,-0.56944048909785,0.3912409451619),0.27970061857247)
(0.075892749125466,0.050933354961777,0.33045257820847)
(0.075892857695655,0.050933431544425,0.33045451957681)
6
((-0.66737267076187,-0.56981970248941,0.3903194274823),0.27851385873048)
((-0.66736988318827,-0.56981870066585,0.39032683016536),0.27851221344461)
(0.0752861254756,0.050794053267754,0.33093551061377)
(0.075286200089826,0.050794116739822,0.33093739805687)
6
((-0.66805782897908,-0.56923300734925,0.39068622907604),0.27755502318322)
((-0.66805721415351,-0.56923310084722,0.39068847927906),0.27755314387684)
(0.074167396816493,0.050611844949317,0.33022733838614)
(0.074167582115349,0.050611962332456,0.33022953188889)
6
((-0.66762648705568,-0.56965026641326,0.38952663565881),0.27936078441563)
((-0.66761918850978,-0.56964709017085,0.38954506532429),0.27935900535856)
(0.073489862850542,0.050524425103622,0.3295204644935)
(0.073489770519759,0.050524418561359,0.3295219847919)
6
((-0.66851212417906,-0.56949818533823,0.38845456376485),0.27904553143229)
((-0.66851472949308,-0.56949991144337,0.38844911764796),0.27904334845201)
(0.072808517465238,0.050414839470763,0.32905247701732)
(0.072808857907265,0.050415032328374,0.32905509021152)
6
((-0.67057111701556,-0.57597152130967,0.37781491723852),0.2754034712504)
((-0.67056991794933,-0.57597142622338,0.37781892788539),0.27540108759257)
(0.072862184831479,0.052296364809646,0.33592455504592)
(0.072862391211591,0.052296507967709,0.33592693212265)
6
((-0.66839148455561,-0.56933273295666,0.38919127822851),0.27864531488705)
((-0.66837893279851,-0.56932694456449,0.38922271270169),0.2786433424669)
(0.070496596466998,0.05074918301484,0.32719522713341)
(0.070496312394396,0.050749094120615,0.32719630486921)
6
((-0.66786491336094,-0.57013493233476,0.38788872453689),0.28008026315713)
((-0.66785609570254,-0.57013105968732,0.38791121768929),0.28007802020792)
(0.069463185175502,0.050408664239976,0.32652623207061)
(0.06946308045269,0.050408664497402,0.32652779674297)
6
((-0.66881040251008,-0.56981798741006,0.38783282956555),0.27854228230098)
((-0.66881201715621,-0.5698193356503,0.3878299251639),0.27853969120011)
(0.068909225981297,0.050349341845559,0.32640138918821)
(0.068909553329427,0.050349543494195,0.32640403210218)
6
((-0.66859850109911,-0.56913851950214,0.3869919811453),0.28159296240524)
((-0.66859717603652,-0.56913843434176,0.38699626003982),0.28159040016698)
(0.06814443071134,0.049274331000938,0.32525905131148)
(0.068144642020218,0.049274477853886,0.32526139606153)
6
((-0.66976952067478,-0.56862694329491,0.38484894021899),0.28277814934412)
((-0.66976679076773,-0.56862619676035,0.38485668013454),0.28277558257101)
(0.067292029524674,0.047964735559042,0.32466711472547)
(0.06729218660787,0.047964856175933,0.32466930439025)
6
((-0.67062190715195,-0.56818998161761,0.38365632003696),0.28325647482972)
((-0.67062244338139,-0.5681908596945,0.3836560895502),0.28325375609838)
(0.066273034459129,0.04731552104876,0.32387224657946)
(0.06627332414173,0.047315700792176,0.32387475144151)
6
((0.9507765799612,-0.010377768821603,0.30261968791711),0.065859861801595)
((0.9507811611852,-0.010376585421422,0.30259915043512),0.065888270323858)
(0.10355510027954,0.04335914663479,0.32008250365068)
(0.10355412126969,0.043358777778254,0.32007737119467)
6
((-0.67184083125175,-0.56743994734758,0.38219638579396),0.28384454601626)
((-0.6718404194158,-0.56744039105199,0.38219850718218),0.2838417773156)
(0.063646010902264,0.046351154790889,0.32203210624846)
(0.063646259066952,0.046351318330837,0.32203446311385)
6
((-0.67180674231221,-0.56720791229264,0.38103683776773),0.28594022711128)
((-0.6717986975579,-0.56720461193502,0.38105777369458),0.28593777516461)
(0.062510116790526,0.045520526110129,0.32042075084056)
(0.062510057889011,0.04552055335828,0.32042228776347)
7
((-0.67257408836793,-0.56668869417692,0.38173491510074),0.28422961517256)
((-0.67257022936793,-0.56668743741145,0.38174551160868),0.28422702055687)
(0.062282880579915,0.045386359765953,0.32086914719147)
(0.062282980023722,0.045386454514446,0.32087106003754)
6
((0.95093388810029,-0.013032614259474,0.30194771256465),0.066200228889366)
((0.95094636082875,-0.013031349265926,0.30190709122714),0.066206578446842)
(0.10051421785364,0.041528389452401,0.31852269488925)
(0.10051822518756,0.041530195535809,0.31853330742304)
6
((-0.67200540953083,-0.56714141464919,0.38015756415243),0.28677442662957)
((-0.67200275782263,-0.56714076397347,0.38016518207863),0.28677182855625)
(0.061625105628842,0.044658440764123,0.31994235219947)
(0.061625252088898,0.044658555781286,0.31994436366871)
6
((0.95045445909412,-0.014577311417734,0.30337934490995),0.066217794148958)
((0.95047080541746,-0.014576620592034,0.30332941700384),0.066212045439789)
(0.099620582405112,0.040531919006039,0.31759827806233)
(0.099627184477662,0.040534816505539,0.31761719026074)
6
((-0.67222759979054,-0.56699788846793,0.3794487927489),0.28747532456571)
((-0.67223441727486,-0.56700186577051,0.37943297145848),0.2874724206147)
(0.060750000946527,0.044016883340362,0.31925918956762)
(0.060750511382033,0.044017154049899,0.31926209533054)
6
((-0.67195591787561,-0.56684510116462,0.3800854724217),0.28757070325677)
((-0.67195199659335,-0.56684381795041,0.38009619968697),0.28756821679236)
(0.060025527940513,0.043913070179351,0.31856386344499)
(0.060025611983347,0.043913156017153,0.31856564583932)
7
((-0.6722760209789,-0.56712726266767,0.37932727994307),0.28726718268337)
((-0.67228308231093,-0.56713140736024,0.37931080179831),0.28726423317782)
(0.059137909742671,0.044259549964141,0.31806837047223)
(0.059138422871341,0.044259828051114,0.31807127048588)
6
((0.95118520937422,-0.014712343061292,0.30163115273764),0.063630905443286)
((0.95120778788355,-0.014712418672241,0.30156552456722),0.063604429083209)
(0.096687928639989,0.041284221061797,0.31566216971953)
(0.096698540106162,0.041289063745419,0.31569462131162)
6
((-0.672045628185,-0.56751946011852,0.38015055588216),0.28594036246513)
((-0.67204528300023,-0.56751998253309,0.38015250962787),0.28593753941449)
(0.057317947370147,0.04547978848078,0.31658402217796)
(0.05731817683541,0.045479952669938,0.31658621756127)
7
((0.95095893778275,-0.013337192310729,0.30204548146759),0.065327980815093)
((0.95096717474606,-0.0133339480133,0.30201621881946),0.065344027698532)
(0.09567792823987,0.042015381466638,0.31463321075627)
(0.095679056217501,0.042015946912804,0.31463546382845)
6
((-0.67216801662788,-0.5675173448796,0.38006282584493),0.28577345764454)
((-0.67216607155346,-0.56751707286298,0.38006879638299),0.28577063228647)
(0.056910261641668,0.045781210012928,0.31607544173247)
(0.056910434329742,0.045781351964387,0.31607750920255)
6
((0.95127390798712,-0.012680166679436,0.30129767603177),0.06431854921978)
((0.95128220533929,-0.012676847069346,0.30126831279119),0.064334027241809)
(0.095003637153292,0.042097891589116,0.3138172720488)
(0.09500482239349,0.042098487196301,0.31381977446123)
6
((-0.67294845967521,-0.56728855494036,0.37973475148754),0.28482553355894)
((-0.67294927044108,-0.56728967514711,0.37973383834895),0.28482260425934)
(0.056374033367761,0.045763601988973,0.31598758572933)
(0.056374307888161,0.045763791459545,0.31598990584343)
6
((0.95101915640091,-0.012868575737486,0.30188656803766),0.065279889364465)
((0.95102769277562,-0.01286525466444,0.301856767619),0.065293986238483)
(0.094474161164885,0.042215478834486,0.3137379366366)
(0.094475551988417,0.042216174562092,0.31374118733016)
6
((0.95083662693083,-0.013371236540288,0.30240267486389),0.065448767408943)
((0.95085093138167,-0.013369126163893,0.30235858421695),0.065445086191067)
(0.093871222172612,0.042158906255159,0.31322009141228)
(0.093876320436135,0.042161363833825,0.31323550679219)
6
((0.95092377623925,-0.012010300654175,0.3020995524921),0.065845158099591)
((0.95092948817198,-0.012006274220379,0.30207705472958),0.065866614534376)
(0.093350184542231,0.042247917052388,0.31249816714964)
(0.093349863684542,0.042247800188837,0.31249594891912)
6
((0.95099254234148,-0.012803558862339,0.30197396590352),0.065276161099151)
((0.95099436313566,-0.012798684713159,0.30196138905389),0.065308762616129)
(0.093034332916258,0.042181611060677,0.31224705812483)
(0.093031600331,0.042180337076254,0.31223697124017)
6
((-0.6725760893871,-0.56751033519995,0.37979860788966),0.28517791091014)
((-0.67257938872594,-0.56751274072867,0.37979142010767),0.28517491506841)
(0.054366889198332,0.045794631285095,0.31429683338975)
(0.054367247642617,0.04579486435304,0.31429934228094)
6
((-0.6723045941241,-0.56782566292952,0.37985746949877),0.28511199922885)
((-0.67230394237792,-0.5678260465986,0.37986019408095),0.28510914194408)
(0.054110375124498,0.045751862215096,0.31408587992836)
(0.054110583989449,0.045752025459291,0.31408799057258)
6
((0.95077674700174,-0.012998688700459,0.30270325080053),0.065002718463601)
((0.95078010528421,-0.012994120893064,0.3026871313526),0.065029568132451)
(0.09193294262743,0.042057706324075,0.31097277812146)
(0.091931293731878,0.042056941981775,0.31096630131085)
6
((-0.67346232788378,-0.56811336327285,0.37822005428813),0.28398114361074)
((-0.67345864952233,-0.56811218934606,0.3782304370072),0.28397838689121)
(0.053377196782517,0.045874197344186,0.31437005038909)
(0.053377289176905,0.045874307438216,0.3143718428492)
6
((-0.67252263178724,-0.56813859155371,0.37892192097175),0.28521926359982)
((-0.67252460427151,-0.5681403198139,0.37891801969923),0.28521635296461)
(0.05297884569777,0.045699042496507,0.31355594353357)
(0.052979144515041,0.045699249288737,0.31355826254032)
6
((-0.6725323408954,-0.56746109753407,0.37883471851333),0.28665730286197)
((-0.67252850400178,-0.56745985229782,0.37884546337558),0.28665456949962)
(0.052826328618962,0.045539001541835,0.3128730582942)
(0.052826416104582,0.045539110511306,0.3128748343745)
6
((-0.67352966690621,-0.5673093880186,0.37880977182325),0.28464188524247)
((-0.67352897272655,-0.56730974731157,0.3788126022749),0.28463904486371)
(0.052698094971716,0.045595323401755,0.31317225235005)
(0.052698295044583,0.045595484308698,0.31317431052424)
6
((-0.67280423208907,-0.56771858664743,0.37861836889233),0.28579398593285)
((-0.67280421294651,-0.56771930147328,0.37861949133362),0.28579112400211)
(0.051882911177006,0.045794163386435,0.31221097906003)
(0.051883133833193,0.045794337786941,0.31221309385947)
7
((-0.67272432716374,-0.56825144553603,0.37960933722159),0.28360011527235)
((-0.67272320101098,-0.56825158606078,0.3796132591511),0.28359725534222)
(0.050769570869933,0.046286645239122,0.31215573217338)
(0.050769750271921,0.046286803721874,0.31215773480529)
6
((0.9513558030902,-0.01235215302894,0.30093188577266),0.064881124893647)
((0.95135532809707,-0.012346786097315,0.30092611094498),0.064915886544891)
(0.088898899147246,0.042883682944741,0.30925046019637)
(0.088895419243181,0.042881937572694,0.30923788998081)
6
((-0.67244854122904,-0.56863597636169,0.3802480599282),0.2826260757732)
((-0.67244904079942,-0.56863699658427,0.38024790177643),0.28262304725232)
(0.050525353210321,0.047335619242268,0.31209324394657)
(0.050525600776946,0.047335819784016,0.31209548647569)
6
((0.95083915181074,-0.0099541977147833,0.30208472475985),0.067458434598239)
((0.95084522052614,-0.0099500691483942,0.30206220824545),0.067474329017867)
(0.088520711861155,0.043989583511431,0.30890931629155)
(0.088521077990232,0.043989802560295,0.30890974048705)
6
((-0.67249829052814,-0.56877129301481,0.3792335842787),0.28359681598022)
((-0.67249972116326,-0.56877281320804,0.37923106093115),0.2835937489011)
(0.049991400480434,0.047538543215312,0.3116217729357)
(0.049991680439294,0.047538762529681,0.31162410410503)
6
((-0.67246054006607,-0.56869177565249,0.37966383696228),0.28326993709595)
((-0.67245823494856,-0.56869132502958,0.3796708279004),0.28326694393699)
(0.049585825544492,0.047638164026447,0.3109282698156)
(0.049585973641573,0.047638321294123,0.31093027082386)
6
((-0.67193325187795,-0.56969209931602,0.37967204233821),0.28249912790018)
((-0.67193061196249,-0.569691463951,0.3796798910671),0.28249613966983)
(0.049401175455749,0.047822501969741,0.31123183537411)
(0.049401310156113,0.047822653189577,0.31123379985372)
6
((0.95147706586728,-0.010573079571355,0.30010357650617),0.067211951951759)
((0.95148314878702,-0.010568933120123,0.3000811792658),0.067226490890793)
(0.087274615755384,0.044446533559891,0.30828867436181)
(0.087275115823397,0.044446825920839,0.30828966966136)
6
((0.9515911826324,-0.0097544197194687,0.29963094982445),0.0678260004682)
((0.95159801244248,-0.0097504137961756,0.29960671798941),0.067837796853531)
(0.086860180962719,0.04453349146016,0.30813616954004)
(0.086861149040789,0.044534036830858,0.30813882851649)
6
((0.95159380103742,-0.0097649576376494,0.29971556851924),0.067412620603866)
((0.95159740604352,-0.0097603644145698,0.29969963507954),0.067433232392755)
(0.086437359790588,0.044526604473507,0.30789087883704)
(0.0864365755472,0.044526202122805,0.30788751462573)
6
((-0.67206415868806,-0.56878766166908,0.38079346035834),0.28250080192497)
((-0.67206774956592,-0.56879037116855,0.380785376131),0.28249770084747)
(0.047263366564382,0.047908259258516,0.3091543033576)
(0.047263713242503,0.0479085231808,0.30915680389966)
6
((-0.67324312206554,-0.56860655640348,0.37935160763422),0.28199758933679)
((-0.67324221805729,-0.56860684145524,0.37935502858757),0.28199457080045)
(0.04687177389111,0.048112069272984,0.3093910918405)
(0.046871961027211,0.048112254515691,0.3093931785383)
6
((0.95158653963278,-0.0087301026851418,0.30022923713886),0.06533948319235)
((0.95158805680042,-0.0087251654488469,0.30021901148397),0.065365027241422)
(0.084711204953121,0.045034890302042,0.30570578492846)
(0.084709411214751,0.0450339077946,0.30569891594756)
6
((-0.67223108143129,-0.56958065798203,0.38039762380842),0.28103539814653)
((-0.67222936922075,-0.56958051087917,0.3804031301012),0.28103233869595)
(0.046200931973064,0.048720161116683,0.30873222600348)
(0.046201092907015,0.048720339231302,0.30873427328829)
6
((-0.67172688887152,-0.5694232371632,0.38105798834991),0.28166464680588)
((-0.67172771381368,-0.56942448396967,0.38105697752959),0.28166152635129)
(0.045704323429438,0.048947486676076,0.30807440560717)
(0.045704572869972,0.048947714191827,0.30807669601024)
6
((-0.67163658642746,-0.56918433717815,0.38158577708223),0.28164832826008)
((-0.67163589639269,-0.56918476646301,0.38158867382922),0.28164518158225)
(0.045197713865237,0.04941823992382,0.30742450063949)
(0.0451979141042,0.049418448314545,0.3074266961573)
6
((-0.6721143546174,-0.56953969435151,0.38129379596236),0.28018185529374)
((-0.67211084203494,-0.56953856495242,0.38130398459072),0.2801787115151)
(0.044947075401603,0.04980962402823,0.30748687496867)
(0.044947180300785,0.049809786120212,0.30748884462817)
6
((0.95187648697886,-0.0071117869066501,0.29867488692844),0.068365838999171)
((0.95188788803015,-0.0071086126924784,0.29863968319428),0.068361216114967)
(0.08264787031183,0.046568842819485,0.30444725939838)
(0.082651474077454,0.046570988137549,0.30445967643136)
6
((-0.67148698851915,-0.56960766061393,0.38150026742565),0.28126479191957)
((-0.67148437829274,-0.56960701566845,0.38150811328043),0.28126168759947)
(0.043701878312251,0.049763044711765,0.30668233186997)
(0.043702007735204,0.049763222208583,0.30668434812562)
6
((0.95198892362919,-0.0073026836626387,0.29892237895726),0.065644279698963)
((0.95198876519101,-0.0072975425673352,0.2989169221525),0.065671991544702)
(0.081231343526023,0.04636158653405,0.30240187236121)
(0.081229074096951,0.046360243126778,0.30239324655319)
6
((-0.67290802481867,-0.57009276384107,0.37981176711624),0.27916312849431)
((-0.672906916302,-0.57009294451429,0.37981576386831),0.27915999377616)
(0.042723784087903,0.050044087586676,0.30648657501218)
(0.042723960182071,0.05004429398693,0.30648871336459)
6
((0.9519053128798,-0.0068485610101244,0.29866889100887),0.068016660215159)
((0.95191281728006,-0.0068447876692829,0.29864403256777),0.068021165760141)
(0.080498858737549,0.046817165964381,0.30227736191129)
(0.080500563196641,0.046818217914645,0.30228321759989)
6
((-0.67197643652412,-0.56965435925348,0.38051392876846),0.28133739487145)
((-0.67197884499419,-0.56965653305751,0.38050877460394),0.28133421170305)
(0.041627133774388,0.050354976060582,0.30484686511206)
(0.041627425232681,0.050355250795278,0.30484931486382)
7
((-0.67304448625381,-0.56942766733093,0.37997382306555),0.27996990014349)
((-0.6730453785191,-0.56942897900074,0.37997260494374),0.2799667405613)
(0.040965194693499,0.050438052148008,0.30502285098437)
(0.040965433127156,0.050438301807075,0.30502517018853)
6
((0.95211331650402,-0.0072393869646934,0.29780388704123),0.068852513935374)
((0.95211967234106,-0.0072355769473492,0.2977823920652),0.068857991136204)
(0.078780589294976,0.047314083984738,0.30195132871688)
(0.078781873183731,0.047314900565045,0.30195588212423)
6
((0.95197750048802,-0.0071988628569793,0.29844509636812),0.067952478924476)
((0.95198451489521,-0.0071952739179442,0.2984222575034),0.067954894301598)
(0.077988678301348,0.047202291087952,0.30122259763098)
(0.077990339181561,0.047203351150968,0.30122866780191)
6
((-0.67300218731531,-0.57007870926851,0.37942225620662),0.27949431586821)
((-0.67300454844357,-0.57008085406953,0.37941713888446),0.27949120257774)
(0.039023168988428,0.050669258152872,0.30407137359155)
(0.039023444277705,0.050669534673225,0.30407377783719)
6
((0.9521115632278,-0.0065544864458196,0.29754942007524),0.070035365981939)
((0.95212069892492,-0.0065512636541584,0.29752131506664),0.070030869652432)
(0.076901650381979,0.047327062245566,0.29983941496342)
(0.076904339237282,0.047328798475735,0.29984946925202)
7
((-0.67174674412174,-0.56981890501275,0.38032492500518),0.28180787546076)
((-0.67174399272976,-0.56981811380648,0.38033321532619),0.28180484511295)
(0.037803465642593,0.050598443460005,0.3011583457823)
(0.037803573371132,0.050598635627748,0.30116034493666)
7
((-0.67104439900337,-0.56976958058216,0.38167265953983),0.28175879856576)
((-0.67104295346024,-0.56976953954655,0.3816775140873),0.28175574822246)
(0.037238926165746,0.05089701997365,0.30063624227262)
(0.037239074548733,0.050897238028306,0.30063835540208)
7
((0.95288518235083,-0.0064773290584297,0.29597827112472),0.066066152351452)
((0.95288513331291,-0.0064727278404651,0.29597375760438),0.066087527681766)
(0.075263160827015,0.047771866963957,0.29770131812173)
(0.075261661946965,0.047770877966171,0.29769548907408)
6
((-0.67140513888249,-0.57001658897507,0.3808745056633),0.28147973055116)
((-0.67140845227953,-0.57001932183598,0.38086682938605),0.28147667969953)
(0.036208493591714,0.05111086361381,0.30007786007444)
(0.036208787854407,0.051111165960787,0.30008033480118)
6
((-0.67221909769207,-0.57005644736664,0.38159619486053),0.27846270052154)
((-0.67222054231652,-0.57005808973709,0.38159344796666),0.27845961517227)
(0.035648021677151,0.051661774777263,0.30076030373379)
(0.035648256859768,0.051662052557437,0.30076266896214)
6
((0.95274261228043,-0.004772460180575,0.29572016798183),0.069342055187983)
((0.95274748440494,-0.0047687951118599,0.29570338271277),0.069346946619647)
(0.073037927157086,0.048315400720847,0.29595291073485)
(0.073038809603504,0.048316012347031,0.29595639956454)
7
((-0.67208168544814,-0.57009605700795,0.3800350470742),0.28083813285324)
((-0.67208275326934,-0.5700974544443,0.38003324279581),0.28083518220504)
(0.033715726223531,0.051306117397167,0.29851040846766)
(0.033715935943959,0.051306383370483,0.29851267813038)
6
((-0.67244223625442,-0.56974743147587,0.38095155873368),0.27943731520001)
((-0.67244247808056,-0.56974833136304,0.38095194904085),0.27943436636156)
(0.033386000773319,0.051380047657841,0.29835976230929)
(0.033386182999146,0.051380299727309,0.29836196621435)
6
((-0.67183292822881,-0.57005445097383,0.38131488362246),0.27978098398643)
((-0.67183497089524,-0.57005642784406,0.38131047173505),0.27977806400977)
(0.032799957922105,0.051361297742823,0.29782939004938)
(0.032800193204639,0.051361581744266,0.29783172435007)
6
((-0.67135831978343,-0.56961205082219,0.38113614503428),0.28205559197456)
((-0.6713592628684,-0.56961336166586,0.3811346361869),0.28205273881174)
(0.031741225568619,0.051263677162918,0.2961357890888)
(0.031741420628398,0.051263941449376,0.29613801806955)
7
((-0.67159761965975,-0.56992634113591,0.38008949577868),0.28226331349558)
((-0.67159921048836,-0.5699280249452,0.38008622407086),0.28226053412589)
(0.030546912949502,0.051130644316518,0.29525515699732)
(0.030547119579785,0.051130916923764,0.29525739796321)
6
((-0.67217678127467,-0.56936624603745,0.38024383908274),0.2818068051486)
((-0.67217707039813,-0.56936712383352,0.38024404267278),0.2818040672886)
(0.029729100581772,0.051115618188805,0.29500023901532)
(0.029729262405053,0.051115867820094,0.29500236759788)
6
((0.95343064751326,-0.0051284566504541,0.29309636187048),0.070980433734384)
((0.95342952360019,-0.0051247059019156,0.29309607573821),0.070996980948456)
(0.067934875504067,0.048086410555036,0.29168758989853)
(0.067933677805716,0.048085525092311,0.29168292651805)
7
((-0.67206001730655,-0.56955029493718,0.38051316933371),0.28134946710186)
((-0.67205923479472,-0.56955050215155,0.38051624340858),0.28134675922833)
(0.028725876282445,0.051157822145927,0.29403782192905)
(0.028726000438015,0.051158054166807,0.29403986185059)
6
((-0.67202538671435,-0.56940833688998,0.38069056022565),0.28147952473796)
((-0.67202674470325,-0.56940984429696,0.38068785898988),0.28147688650929)
(0.027704988599431,0.051160808297337,0.29349596018928)
(0.027705171186022,0.05116107628279,0.29349813751153)
6
((0.95327093166741,-0.0050516648198083,0.29377261632538),0.070332506125069)
((0.95327716300141,-0.005049278267317,0.29375421964676),0.070325057616014)
(0.064985922256047,0.047711495621121,0.28797599312601)
(0.064987653808851,0.047712811242867,0.28798382006228)
7
((-0.67248452350677,-0.56918635857649,0.37960015448279),0.28230334318059)
((-0.67248608864797,-0.56918796127736,0.37959684778972),0.28230082971891)
(0.025948810937219,0.050852654061182,0.29194802830923)
(0.025948987399629,0.050852919852327,0.29195016308709)
6
((-0.6726963907324,-0.56902524014182,0.37932539652279),0.28249262916042)
((-0.6726963705799,-0.56902584251978,0.37932638138252),0.28249014131563)
(0.025371437369813,0.050795909034016,0.29149080221511)
(0.025371563027837,0.050796146938403,0.29149281036346)
6
((-0.67253772165787,-0.56893741374373,0.37951755030184),0.28278907546568)
((-0.67253720167517,-0.56893767124032,0.37951988324561),0.28278666310102)
(0.023984333569609,0.050633126552007,0.29002099120858)
(0.023984436116859,0.050633353443952,0.29002293246704)
6
((-0.67244990442667,-0.56842472471005,0.37982993740744),0.28360831621081)
((-0.67244902531632,-0.56842472956729,0.37983324284211),0.28360596397031)
(0.022951500626472,0.050479978357162,0.28897140482599)
(0.022951586607043,0.050480197396256,0.28897329885695)
6
((0.95395860915473,-0.0062320317928284,0.29131024644342),0.071151065462072)
((0.95395832153157,-0.0062296307537081,0.29130946385756),0.071158335761564)
(0.060844965772407,0.047204031801143,0.2851906952892)
(0.060844555299854,0.04720369238386,0.28518944881116)
7
((0.95380272909988,-0.0066108679507989,0.29161163790038),0.071967374744456)
((0.95380263324126,-0.0066087012654633,0.29161060727889),0.071973020028809)
(0.059471592204216,0.046844262431199,0.28344332330801)
(0.059471306572509,0.046844019667343,0.28344265762157)
7
((-0.67313667719552,-0.56857231447469,0.37778001084364),0.28442011256951)
((-0.67313809114078,-0.56857371682894,0.37777699430552),0.28441796947479)
(0.020052835662577,0.050102943680988,0.28653652282267)
(0.020052970515123,0.050103194208561,0.28653850489581)
6
((0.95450144168093,-0.0072538170302908,0.28951742777672),0.071091764509458)
((0.95450279528842,-0.0072520700934813,0.28951296441604),0.071091945401613)
(0.057693714697065,0.046872757424089,0.28228504944723)
(0.057693952397151,0.046872947505604,0.28228685731577)
7
((-0.6730996163301,-0.56829277885254,0.37774602200434),0.28511079751603)
((-0.6731006675666,-0.56829390750804,0.37774398145799),0.28510876956506)
(0.018034083915856,0.049870631528031,0.28468809352448)
(0.018034196521311,0.049870872779101,0.28469001366195)
6
((0.95417293096515,-0.0076241655756108,0.29002196052279),0.073369968837143)
((0.95417354979231,-0.007622689839033,0.2900197618554),0.073370765361283)
(0.055632831250091,0.046442192917945,0.28067570692309)
(0.055632901900199,0.046442243797167,0.28067679455673)
7
((-0.67323633072611,-0.56800232200364,0.37660229864538),0.2868743868733)
((-0.6732368615968,-0.56800305252678,0.37660167720241),0.28687251042211)
(0.015783494170312,0.049364781189976,0.28252064194163)
(0.015783578121045,0.049365006154005,0.28252246449164)
6
((-0.67347311717353,-0.56744724761717,0.37740542600176),0.28636118109947)
((-0.67347370789149,-0.56744799092228,0.37740463787113),0.28635935760949)
(0.014651915041332,0.049264585878149,0.28174568113467)
(0.014651994557504,0.049264810553054,0.28174749337425)
6
((0.9545910657674,-0.0079812073438959,0.28835899127159),0.074439839059658)
((0.9545899874034,-0.007980088707867,0.28836161424349),0.074443626753915)
(0.052094400933873,0.046077160270817,0.27808193668708)
(0.052094076576785,0.046076854718232,0.27808109063058)
7
((0.95435600829925,-0.0078608058863213,0.28896757513322),0.07510364622015)
((0.9543552585674,-0.0078598728917955,0.2889694819857),0.075105934011841)
(0.050656179632007,0.045954645927934,0.27662171556149)
(0.050655972362298,0.045954442925525,0.27662145698977)
7
((-0.67506337373564,-0.56694590579163,0.37465614030674),0.2872186586509)
((-0.67506337029684,-0.56694613271906,0.37465703771909),0.28721704818122)
(0.010334102662231,0.04878374948806,0.27820564920638)
(0.01033414214605,0.048783959163412,0.27820737114856)
6
((0.95464316559476,-0.0084920191227592,0.28758155199384),0.076688740681011)
((0.95464393985684,-0.0084915438996107,0.28757985902757),0.07668550357461)
(0.047622574698697,0.045427522682144,0.2739913510895)
(0.047622786367571,0.045427721885259,0.27399335390263)
7
((0.95523396181398,-0.0087973022080055,0.28573129768732),0.076212277179962)
((0.95523264739375,-0.0087968767509631,0.2857350789958),0.076214624212243)
(0.045736857541224,0.045364793932057,0.27262274553606)
(0.045736593746203,0.045364518533863,0.27262210762645)
7
((0.95525751585132,-0.0089217883796352,0.28546236733321),0.076907196920713)
((0.95525814244955,-0.0089216092053562,0.28546125220899),0.076903573781024)
(0.044182395559034,0.045174621287263,0.27135954572643)
(0.044182576714599,0.045174804549729,0.27136145530648)
7
((0.95520369179876,-0.0092357674776985,0.28524138121677),0.07834514799693)
((0.95520371748733,-0.0092356696096406,0.28524187711917),0.078343040806284)
(0.042828003222196,0.045004670614242,0.27032406847296)
(0.042828056315089,0.045004722286614,0.27032524248108)
7
((0.95534298249111,-0.0095401858592196,0.28470768670788),0.078551281264008)
((0.95534140968333,-0.0095401235763426,0.28471232888918),0.078553591674155)
(0.041369990808092,0.044809896753957,0.26906770020526)
(0.041369725164252,0.044809599211289,0.26906692726277)
7
((-0.67587704309111,-0.56616278054009,0.37309325985452),0.28887946968358)
((-0.67587758187761,-0.56616313692582,0.37309265368288),0.28887829352421)
(0.0013363713327928,0.047912210572324,0.2711406726129)
(0.0013363787184599,0.047912425833591,0.27114239919041)
6
((-0.67608536663971,-0.5661928939147,0.37204458870779),0.28968432458351)
((-0.67608621668698,-0.56619345481458,0.37204306295105),0.28968320393323)
(0.00043858791978489,0.047851961456521,0.27005960014882)
(0.00043859888115672,0.047852183160795,0.27006135425509)
6
((-0.67636908362484,-0.5665725786869,0.37217714289604),0.28810510252739)
((-0.67637013932894,-0.5665732563705,0.372175017885),0.28810403650795)
(-0.00096810935023498,0.047945861892722,0.2695450377236)
(-0.00096810058381291,0.047946090089032,0.26954682580152)
6
((0.95494351289887,-0.010107765620154,0.28521108255658),0.081457710705883)
((0.95494523769127,-0.010108116575695,0.28520741673708),0.081450281940711)
(0.036029034951219,0.044190664896803,0.2645443298825)
(0.036029371445588,0.044191081931947,0.26454747359137)
7
((-0.67710654547107,-0.56636974604322,0.37153572082996),0.28759910464835)
((-0.67710731444326,-0.56637010863544,0.37153448611523),0.28759817523555)
(-0.0042373305822508,0.047475471892203,0.26673148210011)
(-0.0042373479112703,0.047475695571478,0.26673326541624)
6
((0.95539718814027,-0.010618287517505,0.2838199736817),0.080930139028499)
((0.95539707085681,-0.010618683273699,0.28382095163784),0.080928041957971)
(0.033270559162467,0.043816304598547,0.26141992560314)
(0.033270580758213,0.043816335906179,0.2614209047943)
7
((0.95557446845368,-0.011763261505079,0.28338838380639),0.080187809808176)
((0.95557386682595,-0.01176370288837,0.28339058255416),0.080187143940046)
(0.031977425379976,0.043657117600024,0.26069169213913)
(0.031977373330919,0.04365705042129,0.26069211295351)
7
((0.95582535771096,-0.012247520302016,0.28184529034364),0.0825294863323)
((0.95582679374579,-0.012248018971901,0.2818422602074),0.082523128576758)
(0.0300623340013,0.043457604009827,0.25933536667145)
(0.030062560434787,0.043457936919377,0.25933796839204)
8
((0.95482251733995,-0.011278685021042,0.28434068390432),0.085657031944932)
((0.9548225179716,-0.0112791948189,0.28434135598918),0.085654726739667)
(0.029716890504924,0.042319249252012,0.25748288515279)
(0.029716921107132,0.042319298707481,0.25748390884169)
8
((0.95565518497335,-0.013136090326374,0.28183947398081),0.08436303379275)
((0.95565562453852,-0.013136625791394,0.28183907275089),0.084359311410399)
(0.029454624937266,0.041075664583671,0.25693594215178)
(0.02945471257954,0.041075791817229,0.25693739215874)
8
((0.95452470880253,-0.015313941485351,0.28457203796691),0.087560371681442)
((0.95452501471449,-0.015314497572697,0.28457200697743),0.087557040226543)
(0.028619479205539,0.039317029411231,0.25523677461349)
(0.028619544723744,0.039317124044846,0.2552380109954)
8
((0.95479976185372,-0.017729874660157,0.28413158846127),0.08551202691491)
((0.95480051855393,-0.017730426470612,0.28413039704111),0.085507422037924)
(0.027644829064148,0.038089196687868,0.25317346453863)
(0.027644946673068,0.038089362905911,0.2531751130781)
8
((0.95446083236109,-0.017143379273005,0.28527051260518),0.085623353552947)
((0.95446195288913,-0.017143924343456,0.28526831814746),0.085618064720582)
(0.025460498797033,0.038520827530305,0.24972865741317)
(0.025460644510705,0.038521053097725,0.2497306262704)
8
((0.95523802603527,-0.018396032861642,0.28341192433185),0.082822585915367)
((0.95523749794224,-0.018396603275309,0.28341380914368),0.082822100309296)
(0.024388041033632,0.03817565378327,0.24742601590702)
(0.024388000621119,0.038175600573961,0.24742631221915)
8
((0.95465120026148,-0.016306903995909,0.28458413932114),0.08594788169718)
((0.95465101214969,-0.016307471342568,0.28458520814932),0.085946324427471)
(0.024904196980462,0.037964931156263,0.24642514119024)
(0.024904193991107,0.037964934915247,0.24642578356808)
8
((0.95441761192786,-0.017121756632654,0.28579688673348),0.084344573181612)
((0.95441780801704,-0.017122311266545,0.2857970140352),0.084341810304294)
(0.025367281260589,0.037391883337543,0.24480978050069)
(0.025367322854842,0.037391951103526,0.24481080657984)
8
((0.95489280975234,-0.017505328875622,0.28371469979047),0.085902587080031)
((0.95489296315757,-0.017505890926306,0.28371493262083),0.085899998271183)
(0.024716368840674,0.036886219795496,0.24251700988533)
(0.024716402936941,0.036886277649561,0.24251796655873)
8
((0.95467816390041,-0.017672165673106,0.28459356151585),0.085345197145994)
((0.95467834238482,-0.01767272384646,0.28459369489942),0.085342640202343)
(0.023809002163009,0.036500273695531,0.24037443268498)
(0.023809036404365,0.036500333740804,0.24037538908148)
8
((0.95425520320529,-0.017523992775195,0.28584078929131),0.085935790042166)
((0.95425608519896,-0.017524535829796,0.28583916833567),0.085931276901208)
(0.023420439604655,0.036115209351226,0.23829031004469)
(0.023420545779981,0.036115378899885,0.2382919210123)
8
((0.95448367566513,-0.017566885175215,0.28537039111892),0.084947379633842)
((0.95448384657696,-0.017567441726097,0.2853705438906),0.084944830887094)
(0.023506704891404,0.03586880669274,0.23686100775837)
(0.023506737865883,0.035868864441517,0.23686194694787)
8
((0.95430133717753,-0.017258716369598,0.28621213125895),0.084224168091212)
((0.95430104393791,-0.017259280634313,0.28621344254613),0.084222918952579)
(0.023478924340532,0.035642331780998,0.23530708149092)
(0.023478909029725,0.035642316808028,0.23530758406089)
8
((0.95435442902182,-0.017769607641259,0.28556841116012),0.085688665517607)
((0.95435472917167,-0.017770164945619,0.28556825309403),0.08568573376177)
(0.023467554020442,0.035510849828667,0.23394572086301)
(0.023467600462606,0.03551092718911,0.23394678127941)
8
((0.95440151910522,-0.01794639529073,0.2856000210512),0.085019381327308)
((0.95440108427498,-0.017946965501256,0.28560166532799),0.085018618701605)
(0.022898163389918,0.035454397203572,0.23205393392367)
(0.022898133398626,0.035454360389146,0.23205430956518)
8
((0.95405465849652,-0.016799750056903,0.28637462066127),0.086527762251318)
((0.95405522542188,-0.016800303069433,0.28637376097514),0.086524249126702)
(0.022162862024395,0.035161385500756,0.22985566440182)
(0.022162930086495,0.035161501044553,0.22985693953184)
8
((0.95403153082272,-0.01702177148102,0.28614997586416),0.087477361669461)
((0.95403168629326,-0.017022335178678,0.28615014974897),0.087474987580159)
(0.022171951086992,0.034808664568946,0.22806099257964)
(0.022171978782855,0.034808716631275,0.22806189052357)
8
((0.95422814207946,-0.017111371285777,0.28635071165322),0.084611605421503)
((0.95422867585685,-0.017111919062974,0.28634991745195),0.084608162571547)
(0.021814371523773,0.034524207600343,0.22589663357499)
(0.02181443558451,0.03452431671687,0.22589786648694)
8
((0.95434350947264,-0.016910174616181,0.28549018185169),0.086243075015786)
((0.95434381004916,-0.01691073377027,0.28548998494091),0.086240291063118)
(0.0217896959835,0.03436441134503,0.22452153394294)
(0.021789737047908,0.034364484505563,0.22452255535906)
8
((0.95417830805977,-0.01632530285673,0.28623460132203),0.08571460739486)
((0.95417851829256,-0.016325862315133,0.2862346227949),0.08571208877477)
(0.021606066919798,0.034173361192863,0.22256710802271)
(0.02160609902418,0.034173420712473,0.22256804867629)
8
((0.9543174956364,-0.016238286495084,0.28575210860191),0.085791421503237)
((0.95431764442973,-0.016238848515126,0.28575227139465),0.085789117735226)
(0.021422443064985,0.034242831346735,0.22099354336896)
(0.021422468959989,0.034242882185229,0.22099443632878)
8
((0.9542408599393,-0.015620876410585,0.28607227260067),0.08569144818221)
((0.9542412576855,-0.015621431427025,0.28607182143757),0.085688423899407)
(0.021336415526178,0.033908549194076,0.21873083964869)
(0.021336464912006,0.033908636282421,0.21873194470811)
8
((0.9537557192449,-0.015678627782291,0.28735574187845),0.086780679001692)
((0.9537563272559,-0.015679174348131,0.28735477726691),0.086777091982739)
(0.021179624232458,0.033586219934375,0.21641069065578)
(0.021179693177369,0.033586337321828,0.21641197209492)
9
((0.95434085220625,-0.015053488243826,0.28596468073345),0.085036061026767)
((0.9543412429012,-0.015054038649985,0.28596423500532),0.08503307777534)
(0.021151720555292,0.03369363955813,0.21512411534695)
(0.021151769172719,0.033693725939181,0.21512521812425)
8
((0.9539679144839,-0.014486693724291,0.28712076114461),0.085422610355254)
((0.95396811907056,-0.014487241140994,0.28712078362136),0.085420157186468)
(0.021224345164326,0.033509848964106,0.21318548023918)
(0.021224376818661,0.033509908115932,0.21318642906468)
8
((0.95444937204678,-0.014732199478591,0.28579485261589),0.084443239612766)
((0.95444957793597,-0.014732741289928,0.28579486240026),0.084440784799526)
(0.021065602571557,0.033330508144962,0.21158722450683)
(0.021065634321987,0.033330567726628,0.21158817478688)
9
((0.95381137647087,-0.015276230125781,0.28733163329535),0.086319333962366)
((0.95381154040313,-0.015276775148604,0.28733175409941),0.086317023935108)
(0.020871074220102,0.032948447365975,0.21020440974226)
(0.020871101305797,0.032948499535149,0.2102053137859)
9
((0.95372405050108,-0.014737499925354,0.28791349730778),0.085434534350983)
((0.95372427904259,-0.014738038743566,0.28791345942621),0.085432017768049)
(0.020757282578194,0.032542575185228,0.20811393683809)
(0.020757315631215,0.032542635954735,0.20811488815402)
9
((0.95392763623763,-0.014456715484069,0.28660509561015),0.087581889508016)
((0.95392792672963,-0.014457254595371,0.28660492608049),0.087579191257222)
(0.020915565888893,0.03240213970904,0.20687370933977)
(0.020915604741426,0.032402208519003,0.20687471033238)
9
((0.95406452505407,-0.014782131162839,0.28664979977384),0.085873528640973)
((0.9540646847596,-0.014782662830929,0.28664992976338),0.085871228830404)
(0.020810528545738,0.032386948192618,0.20545641383385)
(0.020810555530846,0.032386999337164,0.20545731409981)
9
((0.95322373913984,-0.01381593502001,0.28902684664396),0.087390531517024)
((0.95322390330267,-0.013816467754882,0.28902696180892),0.087388275750844)
(0.020408372165625,0.032101286404427,0.20377953634297)
(0.020408398438822,0.032101337101399,0.20378042972153)
9
((0.95314584139397,-0.014607311241936,0.28878885495898),0.088885481059254)
((0.95314605802248,-0.014607846934439,0.28878884664871),0.088883097017677)
(0.020157764568644,0.031671633814825,0.20196049595783)
(0.020157794553269,0.031671690273318,0.2019614183094)
9
((0.95271566028067,-0.014757981065203,0.29052451475661),0.087809902495612)
((0.95271604602931,-0.014758508157583,0.29052408910211),0.08780703688557)
(0.020034799201378,0.031293777672421,0.20026086021869)
(0.020034844337209,0.031293856865734,0.20026191026241)
9
((0.95452172528172,-0.015443478750528,0.28551821965176),0.084434123292581)
((0.95452215722747,-0.015443994235738,0.28551765257392),0.084431063433723)
(0.020031212784991,0.030939107015009,0.19740091134889)
(0.020031262329047,0.030939192166429,0.19740199401877)
9
((0.95378283216066,-0.014253142678777,0.28766787143709),0.085687529677385)
((0.95378316799204,-0.014253648967291,0.28766754801433),0.085684793082571)
(0.020040948329258,0.030813652713953,0.19567854219065)
(0.020040989571774,0.03081372472714,0.1956795508496)
9
((0.95359362078874,-0.014061647540869,0.28828284334402),0.085758257287244)
((0.95359395017414,-0.014062139002948,0.28828252973059),0.085755568274451)
(0.020144342091029,0.030667343666419,0.19389695482698)
(0.020144383469837,0.030667415051352,0.19389796068567)
9
((0.95341359924922,-0.013491029427069,0.2887869381124),0.086154542929102)
((0.9534139369081,-0.013491503115066,0.28878659825022),0.08615187127483)
(0.020254594543231,0.03052401525935,0.19208444274482)
(0.020254637309553,0.030524087819328,0.1920854554305)
9
((0.95444982649483,-0.013751949665941,0.28570064578501),0.084920866590065)
((0.95445018993022,-0.013752413557389,0.28570023261987),0.084918096684139)
(0.020294954668212,0.030263343458864,0.19051459177743)
(0.020294999866496,0.030263418770706,0.19051561806995)
9
((0.95402795835598,-0.014195439876316,0.28715807006792),0.084672232501012)
((0.95402828930649,-0.014195906715025,0.2871577359197),0.084669558502126)
(0.019859381910589,0.02965560401486,0.18799354455042)
(0.01985942282442,0.029655673072782,0.18799452956848)
9
((0.95369949672119,-0.013711300914242,0.28827868586403),0.08464437050086)
((0.95369981578942,-0.013711755963057,0.28827838738009),0.084641718325978)
(0.019867616926776,0.029174300270239,0.18576252071194)
(0.01986765702245,0.02917436653501,0.18576348747703)
9
((0.95344707479131,-0.013521991130977,0.2888392025977),0.085602256807152)
((0.9534473954563,-0.013522431746138,0.28883891031518),0.085599601781835)
(0.019918373246762,0.028630382641785,0.18319471645063)
(0.019918413713984,0.028630447555696,0.18319567296096)
9
((0.95353954878233,-0.014237191480334,0.2883400174062),0.086137481092372)
((0.95353982010001,-0.014237633159333,0.28833983871404),0.086135002734172)
(0.019549624269111,0.028203485794347,0.18092857965607)
(0.019549658955233,0.02820354284145,0.18092948652261)
9
((0.95354861655285,-0.014444276018094,0.28842579021689),0.085714422929959)
((0.95354889607518,-0.014444725045625,0.28842559060895),0.085711909289397)
(0.018982455627358,0.027554898624773,0.17831193798354)
(0.018982489306216,0.027554954686894,0.17831283212656)
10
((0.95296893912153,-0.013794803554443,0.29060166078154),0.084915129485231)
((0.95296921580021,-0.013795234309829,0.29060145775869),0.08491264921079)
(0.01895584930617,0.027168215459116,0.17599297537648)
(0.018955883051533,0.02716827050707,0.17599386061211)
9
((0.95326818920316,-0.0147562964359,0.28926702500955),0.085945328034475)
((0.95326847419867,-0.014756715228847,0.28926679525405),0.085942868337364)
(0.018916379355508,0.026911553019339,0.17438399698246)
(0.018916413648868,0.026911608467768,0.17438488216158)
10
((0.9533464654152,-0.014961001380069,0.28918284000544),0.08532274236357)
((0.95334671753377,-0.014961407595573,0.28918268751566),0.085320370906155)
(0.018866300464945,0.02643481758367,0.1721928884738)
(0.018866331982646,0.026434867982348,0.17219374100295)
10
((0.95382203973775,-0.015040989613612,0.28774905776245),0.084839642259855)
((0.95382228389361,-0.015041393378118,0.28774892143125),0.084837288077666)
(0.018652339021592,0.026031790514538,0.17031679011416)
(0.01865236912811,0.026031838706101,0.17031762576347)
10
((0.95306960223596,-0.014608500313492,0.29032928139521),0.084580336822015)
((0.95306983054652,-0.014608888739937,0.29032917100048),0.084578075988978)
(0.018526020368374,0.025748506651812,0.16852933661748)
(0.018526049180456,0.025748552635411,0.168530156313)
10
((0.95261729626614,-0.014361761287368,0.29169443566082),0.085019896917254)
((0.95261753720702,-0.014362118681913,0.29169428647366),0.085017648704403)
(0.018714853783075,0.025376220460183,0.16651004704292)
(0.018714884487767,0.025376267266286,0.16651086806727)
10
((0.95336110644362,-0.015102087052582,0.28895189344735),0.085914672556229)
((0.95336136192843,-0.015102441641937,0.28895170561123),0.085912406919909)
(0.018564753669941,0.025059876593866,0.16496365290984)
(0.018564784726238,0.025059923754845,0.16496447215368)
10
((0.9531744647562,-0.01494051629343,0.28983605029492),0.085031080547452)
((0.95317470953133,-0.01494085370712,0.28983587729761),0.085028867048106)
(0.018555059611005,0.024774053067042,0.16347949199511)
(0.018555090044009,0.024774098571829,0.16348029834365)
10
((0.95258528820208,-0.014716171551042,0.29185571630616),0.084764048129234)
((0.95258553179237,-0.01471648583364,0.29185553590994),0.08476187718124)
(0.018441641633873,0.024187429270501,0.16070353044932)
(0.018441671965426,0.02418747334362,0.1607043223273)
10
((0.95215598741538,-0.014737289752209,0.29323792955532),0.084813351483839)
((0.95215619450122,-0.014737594631431,0.29323782754627),0.084811326327228)
(0.018237718240334,0.023861268271036,0.15894550930425)
(0.018237745061603,0.023861307511092,0.1589462691952)
10
((0.95205953426154,-0.014478589841767,0.29349577769848),0.085048469304572)
((0.95205976828847,-0.014478859089684,0.29349559353169),0.08504643921671)
(0.018421847318351,0.02357160183345,0.15738407873007)
(0.018421877049535,0.023571643404691,0.15738484702357)
10
((0.95189701237691,-0.014585417443672,0.29376640602467),0.085910663582876)
((0.95189724264571,-0.014585663708414,0.29376622254391),0.085908697754987)
(0.018383931344849,0.023062453531277,0.15511763969648)
(0.018383960565307,0.023062493188786,0.15511839055202)
10
((0.95187733204485,-0.014884875052095,0.29417298706149),0.084677263283512)
((0.95187755816765,-0.014885092443735,0.294172778724),0.084675406922746)
(0.018237752405869,0.022787171576112,0.15318491552654)
(0.018237781150602,0.022787210382564,0.15318565465094)
10
((0.95276520547498,-0.01500311877228,0.29127802382196),0.08467870158246)
((0.95276544750346,-0.015003296770854,0.2912777396989),0.084676924161372)
(0.018208178704576,0.022415133251397,0.15102983106242)
(0.018208208477517,0.022415172515383,0.15103056312839)
10
((0.95189422876609,-0.014480288885195,0.29419741524219),0.084472358440045)
((0.95189449179198,-0.014480398626801,0.29419702550882),0.084470732999419)
(0.018306355698133,0.022129864560555,0.14890347318848)
(0.01830638787558,0.022129905458501,0.14890420320956)
10
((0.95273364892995,-0.014608529819356,0.29139680662187),0.084694073840564)
((0.95273390379844,-0.014608636945571,0.29139640916183),0.084692555795504)
(0.017787294558762,0.021772501874306,0.14661087863172)
(0.017787324342889,0.021772540746967,0.14661158912534)
10
((0.95192250595747,-0.014430352779297,0.29407611172698),0.084584561722917)
((0.95192277006139,-0.014430410672678,0.29407564039382),0.084583218273111)
(0.017651649200863,0.0215969114245,0.14478847590742)
(0.017651679697017,0.021596951022378,0.1447891804456)
10
((0.95193049242614,-0.013810765963781,0.29380247268596),0.085543599272219)
((0.95193079768909,-0.013810728694407,0.2938018100345),0.085542484207585)
(0.017806115660203,0.021467668353094,0.14309357395604)
(0.01780614993763,0.021467711534038,0.1430942807642)
10
((0.95212375949664,-0.013779681121992,0.29340783256085),0.084748514925594)
((0.9521241005976,-0.01377955056536,0.29340698755606),0.084747629469578)
(0.017910087127659,0.021287377925319,0.1413436198675)
(0.01791012469936,0.021287424070122,0.1413443245302)
10
((0.95197421270101,-0.013468883204381,0.29371864236157),0.085399336454032)
((0.9519745705025,-0.013468703436699,0.29371770728225),0.085398592337184)
(0.017869215166792,0.021174471301639,0.14028873760962)
(0.017869254119185,0.021174518839306,0.14028943973659)
11
((0.95222772723989,-0.013498579569413,0.29302008394926),0.084966900776333)
((0.95222809292567,-0.013498343904177,0.29301906546747),0.084966352325832)
(0.01775272342827,0.020870077867871,0.13842740654325)
(0.01775276264781,0.020870125150139,0.13842809283592)
11
((0.95226106446392,-0.013479944880066,0.29309239955994),0.084344540500682)
((0.95226142121477,-0.013479722937133,0.29309139211356),0.084344049016499)
(0.017181977825876,0.020595725533783,0.13650746055957)
(0.01718201489502,0.020595771626371,0.13650813606766)
11
((0.95205428879586,-0.01341458155889,0.29368423052065),0.084630094709343)
((0.95205465062329,-0.013414330391517,0.29368316361597),0.084629766484585)
(0.0168133823813,0.020388623465502,0.13469122390189)
(0.016813419016941,0.020388669807879,0.134691889841)
11
((0.95334869780138,-0.014003489633975,0.28992754876487),0.082898607622018)
((0.9533490786145,-0.014003173124105,0.28992635736997),0.082898448414412)
(0.016934661832811,0.020098416267021,0.13340154007973)
(0.016934700152867,0.02009846326367,0.13340219482765)
12
((0.95230567388056,-0.013294190659184,0.29299665392162),0.084202902446027)
((0.95230608486435,-0.013293788073851,0.29299528703542),0.084203074195745)
(0.016594137008831,0.020082733838938,0.13152881199951)
(0.016594177266602,0.020082784378898,0.13152946362929)
12
((0.95152290360053,-0.012228790076999,0.29532089963297),0.085089287556306)
((0.95152336538383,-0.012228228548656,0.2953192626882),0.085089885653263)
(0.016768495425601,0.019896220831404,0.12976721900923)
(0.016768540309859,0.019896275220663,0.12976785761268)
12
((0.95157241033039,-0.012197754681071,0.29525811997183),0.084757331656071)
((0.95157291392628,-0.012197072948465,0.29525625298233),0.084758279643754)
(0.016776909885611,0.019644185411634,0.12796940726062)
(0.016776958044467,0.019644242611402,0.1279700326484)
12
((0.9518004730531,-0.012449231429869,0.29475501331819),0.08390684272752)
((0.95180098043239,-0.012448515422107,0.29475308104596),0.083907981298778)
(0.016443776852518,0.019398321812091,0.12621291760098)
(0.016443824506744,0.019398379007244,0.12621352940266)
12
((0.95146397712986,-0.011858240177984,0.29609543088956),0.083085366764806)
((0.95146453843635,-0.011857383894991,0.2960932397499),0.083086869718834)
(0.016532551399152,0.019119566764939,0.12444813557276)
(0.016532603230546,0.019119627165901,0.1244487325491)
12
((0.9516169559461,-0.011643741053349,0.29556258780879),0.08326072986668)
((0.9516175700708,-0.011642725848781,0.29556007962843),0.08326275636435)
(0.016418061347665,0.018898595296783,0.12238481909758)
(0.016418117087686,0.018898659802007,0.12238539715193)
12
((0.95142517331509,-0.011175467769344,0.29591353544007),0.084264037678281)
((0.9514258057395,-0.011174355815807,0.29591085283641),0.0842664649708)
(0.016090552119073,0.018775431460131,0.12063351785402)
(0.016090609041701,0.018775498412607,0.12063407896562)
12
((0.95104206855122,-0.010565369682357,0.29674888558278),0.085717301139687)
((0.95104273468138,-0.010564114436573,0.29674594912198),0.085720230842135)
(0.015887592159495,0.018620818832959,0.11882822676602)
(0.015887651858132,0.018620889326256,0.1188287668287)
12
((0.95134806087798,-0.010609693468991,0.29638192166268),0.083558709777863)
((0.95134877725168,-0.010608315938998,0.29637872439739),0.083562069022058)
(0.01573145483896,0.018500716380722,0.11722856236688)
(0.015731517685676,0.018500790824442,0.1172290867718)
12
((0.95173438633632,-0.01070525884755,0.29496041208819),0.084174881044143)
((0.95173506883474,-0.010703925470656,0.29495729274778),0.084178264323743)
(0.015349748190444,0.018576231770643,0.11686783107155)
(0.015349808373137,0.018576305659456,0.11686835441721)
12
((0.95196125355367,-0.0098011946716916,0.29392448192912),0.085335263743817)
((0.95196195155929,-0.0097997305703301,0.2939211279178),0.085339197486947)
(0.015028198145598,0.018407559618539,0.11497933049636)
(0.015028259982005,0.018407636497999,0.11497982801901)
12
((0.95197505784308,-0.010892127565367,0.29413936823383),0.084302330079092)
((0.95197568166468,-0.010890870324588,0.29413645225321),0.084305622105182)
(0.014792584841494,0.017714207165891,0.11403046872335)
(0.014792639363812,0.01771427339373,0.11403096481095)
12
((0.95073026726898,-0.010404136122651,0.29795502521513),0.085008915998548)
((0.95073088426075,-0.010402875156991,0.29795216748252),0.085012186148252)
(0.014681621816481,0.017589730338781,0.11337493773818)
(0.014681675607563,0.017589795606049,0.11337542613007)
12
((0.95179617337153,-0.011482497722547,0.2947137265701),0.084237853560748)
((0.95179684238405,-0.011481081929025,0.29471051819186),0.0842417120705)
(0.014604986556849,0.017382566772405,0.11170053127036)
(0.01460504438451,0.017382636373702,0.11170099908941)
12
((0.95458651012876,-0.014165956018484,0.28765603201028),0.07627534082775)
((0.9545870497415,-0.014164895567019,0.28765337140026),0.076278818301384)
(0.012730299066643,0.017688373964964,0.10991082429297)
(0.012730342639976,0.017688438612917,0.10991129746651)
14
((0.95195990497809,-0.010254773103304,0.2947249430797),0.082488707526348)
((0.95196036293605,-0.010253633260131,0.29472236538189),0.082492773909851)
(0.011566089262297,0.018007159045217,0.10739201025674)
(0.011566128653499,0.018007225374792,0.10739241589434)
14
((0.95172363246155,-0.0087914439688674,0.29401309753011),0.087756118919908)
((0.95172411210723,-0.0087900533548242,0.29401014224185),0.087760957461967)
(0.011942121226214,0.017876820696027,0.10680528744113)
(0.011942166490199,0.017876892129832,0.10680566880198)
14
((0.95181778919876,-0.0091498137634901,0.29461307554695),0.084630448360217)
((0.95181835245838,-0.0091482570828999,0.29460978655157),0.084635731129339)
(0.012213575592212,0.017721327090094,0.1057667961725)
(0.012213626428041,0.017721403473454,0.10576715581166)
14
((0.95325104119355,-0.0096474415570401,0.28935401992536),0.086565758171717)
((0.95325152231647,-0.0096459334798115,0.2893508466161),0.086571235010115)
(0.011634824821525,0.017360953277203,0.1041016035616)
(0.011634871208002,0.01736102564425,0.10410194235892)
14
((0.9528954922536,-0.010683005549238,0.2913979411633),0.083446354749586)
((0.95289585571757,-0.010681869208535,0.29139550106992),0.083450870472993)
(0.010389754356772,0.017334592356796,0.10286259820989)
(0.01038978787452,0.017334653409959,0.10286292096558)
14
((0.95025470881601,-0.0083960986220056,0.29867397457808),0.087973580185513)
((0.95025509476139,-0.0083947212735488,0.2986712835317),0.087978678827751)
(0.010656084681825,0.017034827231408,0.10137831700802)
(0.010656123230693,0.017034891969752,0.10137860047527)
14
((0.9513778548324,-0.0094429313151737,0.29571458927659),0.08569649976314)
((0.95137834992095,-0.0094412518466169,0.29571129400193),0.085702559267347)
(0.011143923198528,0.016694001127417,0.099823003501639)
(0.011143970839036,0.016694073957993,0.099823251897099)
14
((0.9507275761773,-0.0093018588223316,0.2978094157774),0.085674402202807)
((0.95072808983828,-0.0093000886845211,0.29780601280558),0.085680722918044)
(0.011105298378746,0.016469679242638,0.098546595732645)
(0.011105347712371,0.016469753188832,0.098546813808899)
14
((0.95109298471162,-0.0094647178457218,0.29648616527315),0.086188789004543)
((0.95109353774586,-0.0094627240564271,0.29648238444018),0.086195910739155)
(0.01116977207806,0.016201252239912,0.096840169943459)
(0.011169826390496,0.016201330773123,0.096840337743115)
14
((0.94981517642277,-0.0083528468175474,0.29987166090193),0.088647321307237)
((0.94981573534108,-0.0083506822368023,0.29986770066668),0.088654932753585)
(0.011127700254175,0.015766256478682,0.09489250121139)
(0.011127757317182,0.015766336430099,0.094892624452971)
14
((0.94998594652382,-0.008485956636778,0.30048975602807),0.084620307665444)
((0.94998665035944,-0.0084835522574936,0.30048526591891),0.084628591182783)
(0.011452632731438,0.015594333250539,0.093536576624432)
(0.011452697976771,0.015594420539009,0.093536651168031)
14
((0.94835967397156,-0.0067052364298722,0.30474098285845),0.087760480601712)
((0.94836051924429,-0.0067023864659945,0.30473571260424),0.087769863950848)
(0.012118435853863,0.015255871618075,0.092275886640576)
(0.012118513462701,0.015255968241995,0.092275911102522)
14
((0.94875939453284,-0.0073765701346519,0.30409854338716),0.085587811097957)
((0.94876045983946,-0.0073733894338902,0.30409241525492),0.085598048797231)
(0.012793913035582,0.014870869328697,0.0910396559437)
(0.012794003536068,0.014870974509186,0.091039645723125)
14
((0.94996944669111,-0.0082910172963965,0.30084618872613),0.083551661351137)
((0.94997062265612,-0.0082876820934908,0.30083955758051),0.08356249763276)
(0.012995795445958,0.014520777481036,0.089382926747997)
(0.012995892013562,0.014520886022632,0.08938287042739)
15
((0.95031712544297,-0.0085175909073823,0.30014413029508),0.082087226682074)
((0.95031826133085,-0.0085143409256513,0.30013767796032),0.082098005142046)
(0.012582758738912,0.014185343853945,0.087451495140639)
(0.012582851692766,0.014185449138106,0.087451397436037)
16
((0.94901845330244,-0.0073007796106959,0.30376830875711),0.083877818899651)
((0.94901955173037,-0.0072975309154117,0.30376199680698),0.083888531825608)
(0.012432244296301,0.01385203732398,0.085685606398225)
(0.012432335172925,0.013852139686984,0.085685456113777)
16
((0.94895722784484,-0.0074657155391869,0.30397327868374),0.083813415744668)
((0.94895840258097,-0.0074624378380645,0.30396674623112),0.08382409783681)
(0.012959982731503,0.013642403564636,0.084733827752913)
(0.012960076246244,0.013642504816251,0.084733631864713)
16
((0.94799763451221,-0.0062733617242015,0.3067722948524),0.084568841797157)
((0.94799878318943,-0.0062703141265135,0.30676611118823),0.084578621758508)
(0.013568103465933,0.013429016629372,0.083660636793974)
(0.013568191138658,0.013429108454053,0.083660388368066)
16
((0.95112382669751,-0.007850196689636,0.29708188574524),0.083929695950103)
((0.95112484488448,-0.0078473240609225,0.297075950687),0.083939433355122)
(0.013033263170397,0.013142110676699,0.082260771125418)
(0.013033344815669,0.013142196843809,0.082260515828753)
16
((0.95018592883912,-0.0087835338377997,0.29969861110828),0.085148650425178)
((0.95018688451677,-0.008780508953326,0.29969271176007),0.085159061013689)
(0.011847771429636,0.012929869788412,0.08153491552229)
(0.011847854140328,0.012929961610424,0.081534681354584)
16
((0.94985332974761,-0.0094582531379562,0.30020578405093),0.086980921111013)
((0.9498540434019,-0.0094554743094627,0.30020073374184),0.086990859861798)
(0.01041840829594,0.012623530003266,0.080281845720277)
(0.010418479726626,0.012623614811351,0.080281623049552)
16
((0.95004187309521,-0.011192887119162,0.29858131569191),0.09024608890896)
((0.95004234902521,-0.011190423946356,0.2985771311955),0.090255228090289)
(0.0093229677730898,0.012400182141276,0.07940221058406)
(0.0093230274999774,0.012400256625104,0.07940198708656)
18
((0.94897640784299,-0.011148021560012,0.30119592022748),0.092738970293132)
((0.94897669930301,-0.011145955878147,0.30119271552458),0.092746643941706)
(0.0082441788060591,0.012248304974922,0.07854244920924)
(0.008244226697761,0.012248367251624,0.078542209445815)
18
((0.94992335965166,-0.011817472847514,0.29878748576521),0.090730350344858)
((0.94992360375831,-0.011815652596292,0.2987847203601),0.090737138239447)
(0.0076924561576857,0.012139515338631,0.078031733731345)
(0.0076924986363328,0.012139570917199,0.078031486036746)
18
