((-0,21808290419966,0,93650903896866,-0,27457183756398),0,00098632782520447)
((0,22128995205416,-0,93404355775994,0,27966990025518),0,01944572493586)
(0,062733457365915,0,064854680731965,0,23435105734848)
(0,063245473254128,0,06534704386996,0,23702382387814)
((0,21956382785054,-0,9390098157637,0,2628638228464),0,030901489245773)
((0,22078254574037,-0,93736616050915,0,26644113801512),0,04011070433126)
(0,060470335196301,0,067582346298061,0,24588078027378)
(0,060622321805097,0,067736029999566,0,24680275961803)
((0,22241404876646,-0,93871957081953,0,2590432541433),0,047266803938421)
((0,2229293341536,-0,93768380043554,0,26131007195688),0,052617950059794)
(0,057858199922973,0,069450908300091,0,25295332737723)
(0,057918121570684,0,069516826048327,0,25337004823823)
((0,22480603219932,-0,93505413105769,0,26693961373843),0,062283725771122)
((0,22515068647036,-0,93433444087855,0,26861517891098),0,064592620543763)
(0,055550418273906,0,070386663850536,0,25893911417768)
(0,055562972654958,0,070397476739857,0,25906543116711)
((0,22616489960858,-0,93329429612181,0,26881997812253),0,07447828122173)
((0,22636330256936,-0,93281006112011,0,26995264341207),0,075832812408785)
(0,053735220937763,0,070864233371739,0,26418891555555)
(0,053733540935548,0,070859730294657,0,2642131397755)
((0,22946921121214,-0,93050594980193,0,27316548469666),0,082964911012572)
((0,22965212332704,-0,93011177378633,0,27413837508065),0,083666850207071)
(0,05206469891942,0,070931915573334,0,26770715220904)
(0,052055730823354,0,070917481581927,0,26767493953175)
((0,23491340040346,-0,92753734349735,0,27798327155975),0,084943931282367)
((0,23507312959221,-0,92721397508754,0,27879482457234),0,085371622555579)
(0,051051477222629,0,070951357625439,0,27153434324572)
(0,051039150682344,0,070932618294781,0,27147346565696)
((0,23770352800368,-0,92404585297844,0,28583534240827),0,089075537597562)
((0,23785446495584,-0,92376094254144,0,28655116924258),0,08932749823672)
(0,050417156991545,0,07054138372599,0,27391887504395)
(0,050402261029897,0,070519283379157,0,27383762055028)
((0,23993695868822,-0,922073831992,0,28969407320761),0,09103542255309)
((0,24009829840439,-0,92180557869363,0,2903941000633),0,09109637117382)
(0,049731450319631,0,070484940642615,0,27747862121359)
(0,049714413503792,0,070459313573467,0,27737854507084)
((0,24327653525627,-0,92080703407451,0,29201731188477),0,087503273951283)
((0,24344109799927,-0,92055764603274,0,29268698461911),0,087432151810124)
(0,050047130273494,0,0699786625583,0,28213355122988)
(0,050028129283631,0,069950476314856,0,28201746867763)
((0,24809359262933,-0,91727445264208,0,30178460903509),0,077351131704685)
((0,24822308127211,-0,91706717729094,0,3023152196808),0,077321421409322)
(0,051216250801746,0,068377090420708,0,28592911043591)
(0,051194724162785,0,068347748472668,0,28579884678864)
((0,24793283142613,-0,91681264528084,0,30189046478704),0,082740750690567)
((0,24805725742318,-0,91662111709974,0,30239463913096),0,082648696005246)
(0,051698639197644,0,067744143492659,0,28986349195047)
(0,051675350000837,0,067713240071697,0,28972120485712)
((0,25337108744815,-0,91405379466122,0,30719438662268),0,077073739615221)
((0,2534728253687,-0,91388517269595,0,30762720792106),0,077012459204984)
(0,052628900158295,0,067319033900545,0,29448853030769)
(0,052603983346006,0,067287402698187,0,29433685908761)
((0,25663664283073,-0,91023549684615,0,31428744735174),0,082658177302281)
((0,25672347052163,-0,91009251233847,0,31466135958665),0,08254033833134)
(0,05363284924255,0,065574009059866,0,29881811547104)
(0,053606087994766,0,065541808054433,0,29865521053907)
((0,25734265926559,-0,90933266020691,0,31589349528069),0,084262497248101)
((0,2574298276376,-0,90919689890709,0,31626348995791),0,084073109731015)
(0,054226351835976,0,064820694336178,0,30289291419598)
(0,054198882471822,0,064788156038722,0,30272413884538)
((0,25978409559798,-0,91115887274328,0,31049257165052),0,076786035484153)
((0,25986408259839,-0,9110221939109,0,31087224167964),0,076600718861805)
(0,056507218242339,0,064321942513625,0,30929131789283)
(0,05647764920719,0,064288614360904,0,30911327684585)
((0,26274330272825,-0,90905477019417,0,31396357164947),0,077538747318927)
((0,26282593213011,-0,90891784011059,0,31435485345906),0,077278169203074)
(0,057935043870618,0,063155075134286,0,31379924511717)
(0,057904620765579,0,063121780938891,0,31361650118899)
((0,26615441542463,-0,90652023800959,0,31811750067407),0,07863930946985)
((0,26623819932484,-0,90638488254532,0,31851720039905),0,078297247483686)
(0,058845544328391,0,061624316914141,0,31831093172608)
(0,058814805853475,0,061591521168105,0,31812542912861)
((0,26584481270886,-0,90742918513294,0,31485792080106),0,082239280356719)
((0,26591644712283,-0,9073079181616,0,31523468015345),0,081901655779303)
(0,059992850048853,0,060983473166434,0,32501657266197)
(0,059961382604028,0,06095119903669,0,32482769051962)
((0,2675226978199,-0,90628451235473,0,31675835605088),0,082122668545611)
((0,26758677761521,-0,90617120416004,0,31711940331661),0,081770099894596)
(0,06060136994539,0,060112087721224,0,33072207815473)
(0,060570026700917,0,060080702116396,0,33053340426373)
((0,2723095862133,-0,9032482863478,0,321759510335),0,080379350427118)
((0,27234975740069,-0,90314788844638,0,32207388065252),0,080111900739255)
(0,062144137991961,0,058099116648542,0,33531798320609)
(0,062111225052082,0,058068671633571,0,33512542986046)
((0,27607007419151,-0,89959123223036,0,32855540042313),0,08106958667069)
((0,27607050434899,-0,89951997474694,0,32877381864267),0,080973253824178)
(0,063390794877038,0,055289053465786,0,33995968040571)
(0,063356047072365,0,055260428837128,0,33976425606563)
((0,27882432296059,-0,89656166510552,0,33354108297379),0,084761568870951)
((0,27884690823038,-0,89647833045059,0,33380632756714),0,08452420055233)
(0,063240919564307,0,052969712342397,0,34684007612712)
(0,063211170184944,0,052945025323334,0,34666902175357)
((0,28072151424021,-0,89589679460816,0,33374124750053),0,084741634220166)
((0,28073398962012,-0,89582390694904,0,33397461915103),0,084551218639698)
(0,063486652929388,0,051686398934224,0,35275218962822)
(0,063458332400634,0,051663815273475,0,35259095277897)
((0,28639566701576,-0,89178288209884,0,33863907598395),0,089578955825693)
((0,28640251224679,-0,89171916787785,0,33884143401327),0,089425998533871)
(0,063541369262607,0,049938967251598,0,35944083059263)
(0,063515613559834,0,049919239910572,0,35929618100418)
((0,29624955974203,-0,88491834709611,0,34613539815515),0,096674730252069)
((0,2962393880126,-0,88488106654763,0,34624973036425),0,09663771146986)
(0,062051720886462,0,047899840128157,0,36977333617919)
(0,062030812522075,0,047884791902004,0,36966001411711)
((0,29940908985938,-0,88450750516464,0,34397385525317),0,098400493491053)
((0,29946157851122,-0,88442901839418,0,34423226376524),0,098041945109882)
(0,061565907891267,0,047306403705992,0,37574167411636)
(0,061555993591614,0,047296606580043,0,37568576037493)
((0,29669425122236,-0,88596544320418,0,34158752952995),0,10176303066067)
((0,29672130783266,-0,88591767845248,0,34175305033861),0,10154400557242)
(0,060252067748853,0,047786484507668,0,38192955829303)
(0,060242803500614,0,04777815388715,0,38188181881165)
((0,29500859829491,-0,88599184633252,0,34171609190308),0,10591736259391)
((0,29494648892861,-0,88601525919945,0,34163335871158),0,10616109150656)
(0,059235358451836,0,049538938778141,0,38859105798166)
(0,059216680656762,0,049526811735994,0,38849494308059)
((0,29568906062228,-0,88598303084931,0,34063126313661),0,10757504845154)
((0,295728411383,-0,88593897079366,0,34080251693239),0,10728695718731)
(0,059227953882576,0,051159823889071,0,39307983414095)
(0,059223085505097,0,051153962362153,0,39305790268162)
((0,2948226854697,-0,88571291068348,0,34100782264291),0,11093191099667)
((0,2948300798846,-0,88569755677007,0,34108213165238),0,11080632380075)
(0,057874357782701,0,052760326176564,0,39700520061021)
(0,057867149883534,0,052753668231621,0,39697188276027)
((0,29302719504832,-0,88535048990099,0,34312670860358),0,11204300440934)
((0,29298017493675,-0,88537465001492,0,3430551385464),0,11219410912297)
(0,057180155007186,0,05345260194406,0,40023258641352)
(0,057166902172576,0,053442877220021,0,40016543196046)
((0,29282349837507,-0,88472659353705,0,34442714446924),0,11350416574064)
((0,29274399036603,-0,88477479706998,0,34426832194999),0,11381492466318)
(0,056201024325059,0,054402132168983,0,40153574009818)
(0,056184305821749,0,054390293563197,0,40144750011197)
((0,29259822754993,-0,88735973726684,0,33843598444888),0,11153500949247)
((0,29249781671624,-0,88742339334778,0,33822401231494),0,11193420231963)
(0,056671326485613,0,057157793272441,0,40813451729878)
(0,056651944961526,0,057143651988788,0,40802845407223)
((0,2915294565802,-0,88747521395635,0,33837646734038),0,11357678860327)
((0,29161707476589,-0,8874200563222,0,33862976570854),0,11302657704394)
(0,056861765997552,0,058791311605708,0,4088604877631)
(0,056865771845905,0,058791256241001,0,40889186933979)
((0,29144726352792,-0,88715307217311,0,33950296360085),0,11294094395809)
((0,29137197857531,-0,88720085074949,0,33936043266836),0,11318797316693)
(0,057511144853857,0,059823542821456,0,40922339467207)
(0,057493035303301,0,059808941373095,0,40912138210559)
((0,29102161696737,-0,88931099850613,0,33469379088726),0,11141109789985)
((0,29103515475663,-0,88930043362905,0,33477702159139),0,11120981637145)
(0,058856566045421,0,060744857997749,0,41204102629385)
(0,058848314702281,0,060736115564542,0,41199554695012)
((0,29084895518383,-0,88835707281016,0,33688214580665),0,11286725075655)
((0,29076681190319,-0,88840698410572,0,33673117582042),0,11313623167859)
(0,059343941452769,0,061340097605218,0,41381559699132)
(0,059322991141961,0,061323075211694,0,41369582611389)
((0,29336702661329,-0,88695844547687,0,33809101517568),0,11373200583302)
((0,29323447915457,-0,88704005073287,0,33781433655177),0,11425831545612)
(0,059061887009356,0,061244384554935,0,41671217650063)
(0,059035016948992,0,061223697505877,0,41655817672086)
((0,29385848433416,-0,88509616166885,0,34114354867435),0,11778393346195)
((0,2934202667664,-0,88536308925633,0,34011960939167),0,11981401646087)
(0,057899245136745,0,060981041370769,0,42119084090675)
(0,057832356155348,0,060933424127203,0,42079088078049)
((0,29335621526296,-0,88543393351282,0,33919498641366),0,12204770191385)
((0,29340146572516,-0,8854156296208,0,33932276402752),0,1217160817076)
(0,056508984674209,0,062630634307065,0,42484417119159)
(0,056509412876142,0,062629048539193,0,42485840588248)
((0,29054923765383,-0,88607882326841,0,33961757706293),0,12290386814076)
((0,29060373667078,-0,88605767902637,0,33976330428731),0,12252409857313)
(0,056439839929692,0,063681931466842,0,42671751525573)
(0,056441527082876,0,06368130700568,0,42673954401964)
((0,29204641829819,-0,88594171329701,0,3394978538257),0,1206539574457)
((0,29190196732147,-0,88603750416511,0,33916825599485),0,12122572669254)
(0,056708052748771,0,064891976568423,0,43002233465126)
(0,056682798938862,0,064870869789196,0,42987120179577)
((0,29170011514198,-0,88617874181987,0,33744038651059),0,12542832983138)
((0,29210267829041,-0,88596318294924,0,33840987231121),0,1233856641443)
(0,056984113557081,0,065282850785976,0,43211373699042)
(0,057032754149207,0,065318261012483,0,43243801049788)
((0,29380556244636,-0,88526116356641,0,33894103584237),0,12292248768522)
((0,29425184286641,-0,88501039723154,0,34002158296448),0,12065559614092)
(0,057784633371049,0,065140470278098,0,43443089794324)
(0,057839444880717,0,065179543834505,0,43479096926474)
((0,29499076113004,-0,88438610092903,0,33705404540956),0,13128688359667)
((0,29596901099153,-0,88386479694052,0,33938102761796),0,12651436027173)
(0,059208794859671,0,064141075660351,0,44030323284898)
(0,05934661118701,0,064241148291608,0,44119674888082)
((0,29860572745598,-0,88051974514451,0,34628345273772),0,12492945329733)
((0,29806361685352,-0,88083009905,0,34503882047973),0,12745442039302)
(0,060273480080575,0,063239032805074,0,44398257241753)
(0,060183479586853,0,063172985119088,0,44342869903981)
((0,29608061707954,-0,87849516127393,0,3537523869884),0,12426491261861)
((0,2956261974462,-0,87876608158917,0,35271097625746),0,12637362248281)
(0,061113202915835,0,062961610678597,0,44802414087393)
(0,061034338961505,0,062904592663968,0,44754342300193)
((0,29485108389759,-0,87865955669388,0,35586781532076),0,11990963169724)
((0,29434004837251,-0,8789787758577,0,35468021813541),0,122320032616)
(0,062199865191436,0,063254385912177,0,4542792287132)
(0,062111693890071,0,063192166061622,0,45374397720142)
((0,29614829563617,-0,87674060857438,0,35732241456714),0,12626473900626)
((0,29587544052791,-0,87690248200576,0,35670859225452),0,12750976808213)
(0,062763099707914,0,06278643513063,0,45773798672599)
(0,062710731833415,0,062748761389899,0,45742598719725)
((0,29830839300764,-0,87391021528017,0,36163223734104),0,12851133493148)
((0,29798035255801,-0,87410341478459,0,36089156927533),0,13003155377563)
(0,062354310170944,0,062523121502111,0,46162446576981)
(0,062291480637532,0,062477980050893,0,4612419756883)
((0,29827461409733,-0,87437682556981,0,35808561572736),0,13517438108127)
((0,29842685053484,-0,87429439915137,0,35845549095056),0,13438891137218)
(0,062468591977473,0,063146439063837,0,46721402114036)
(0,062491147332459,0,063161359611591,0,46738287447644)
((0,2992084648259,-0,87328908564558,0,36073626922815),0,13307821584391)
((0,29839234822045,-0,8737410727819,0,35887664138848),0,13691639975963)
(0,062589652489778,0,063957777539123,0,47330351416267)
(0,062437525728072,0,063846171628312,0,47232288721295)
((0,29790468104483,-0,87478980218072,0,35512564459884),0,14100134595263)
((0,29832873761716,-0,87457391338831,0,35611016620068),0,1389459746122)
(0,062993328546519,0,064916558563704,0,47787207345846)
(0,063066895344422,0,064970258771501,0,47838562051459)
((0,2963042878075,-0,87475796521256,0,35405296015867),0,14713521919294)
((0,29783614847672,-0,87399358810857,0,35755394210001),0,13994289940684)
(0,063724043447144,0,065545050825452,0,47928850003672)
(0,064004863365677,0,065754273305335,0,4811734839556)
((0,29636554883828,-0,87347237144599,0,35614139267421),0,14958872352681)
((0,29801819795973,-0,87265823051853,0,3598921285304),0,14188171910066)
(0,064262025023834,0,065776071359693,0,48024163916764)
(0,064571282829446,0,066006733978518,0,48230649828826)
((0,2962250914881,-0,87237508347731,0,35696038817116),0,15424555156476)
((0,29831080305781,-0,87137841176151,0,3616667555195),0,14459421235649)
(0,064835393702276,0,065572488262953,0,48490048905398)
(0,065241397068084,0,065874777190008,0,4876187547071)
((0,30140035890367,-0,86892117605631,0,37035097247524),0,13028419182812)
((0,29851628564112,-0,87050728022322,0,36384995360081),0,14393857561503)
(0,06570491921619,0,06640825326476,0,49222660721117)
(0,065136686146799,0,065989913410671,0,48850911940695)
((0,29754718671706,-0,86858565862315,0,3637585709688),0,15717610301086)
((0,29891710443033,-0,86795143850527,0,36679981711248),0,15088657740789)
(0,06389742363179,0,066085379709978,0,48809930929818)
(0,064171844798471,0,066296703549727,0,48998883764649)
((0,2961622405155,-0,8707980043563,0,36125499753386),0,1532761875137)
((0,29670601370869,-0,87054822878688,0,36247527576283),0,15074149145404)
(0,064493235159978,0,067551955067452,0,49386782594607)
(0,064597552307526,0,067632808524109,0,4946039512714)
((0,3006217142121,-0,86873991852243,0,36766571161131),0,14049720073784)
((0,29859205879875,-0,86976545743476,0,36316708867085),0,14986826609379)
(0,065367363948459,0,068691230167624,0,49995953475426)
(0,064958655628779,0,068370794497501,0,4972172826564)
((0,29520424269595,-0,87061296399966,0,35835415372903),0,1626954901501)
((0,29821538286325,-0,86925467474151,0,36502926101765),0,14905547445386)
(0,064655436283662,0,068475134307152,0,49704237366906)
(0,065262233446892,0,068959689715681,0,50123088988481)
((0,29431037412133,-0,86866516818201,0,35799165808968),0,17505485428882)
((0,2989189978027,-0,86676291142049,0,3680378947489),0,15465314793856)
(0,064648221255761,0,068822410697026,0,49707487912216)
(0,065612024702339,0,069607999028503,0,50375253246252)
((0,297324506865,-0,86361859551225,0,3683457724081),0,17344293312793)
((0,30122705267093,-0,8619417648088,0,37675637749222),0,15611946975444)
(0,064586498572024,0,068936912214298,0,49997347815257)
(0,065434622825124,0,069631936493713,0,50588617325167)
((0,30458267662498,-0,8589970604504,0,38474113721004),0,14604006496799)
((0,30208899043147,-0,86024417381352,0,37938448298891),0,15744718907377)
(0,065567506985578,0,070119000332151,0,51157303144842)
(0,06501470795668,0,069668403405968,0,50776454119408)
((0,30710163306398,-0,8574839725014,0,3907476352629),0,13313943596507)
((0,30203688001462,-0,86019115034559,0,37982476707036),0,15677389546131)
(0,066492315652571,0,07095928338936,0,51869019455967)
(0,065374474406213,0,070056004285131,0,51098895932067)
((0,30051985061886,-0,86065334798143,0,37586766625891),0,16639450547856)
((0,30212665265725,-0,85994366698093,0,37931230678476),0,15918086975243)
(0,065781407878619,0,070141250154081,0,51094931600544)
(0,066139498391947,0,070435190884704,0,51347143950284)
((0,29912567141858,-0,85977372996286,0,37303546738965),0,17932514055066)
((0,30323521412903,-0,85808114085378,0,38177650989705),0,16121990297116)
(0,065100315966506,0,069152732634039,0,50695739997047)
(0,066043170034756,0,069930302679406,0,51359236731332)
((0,30576896474697,-0,85804379498416,0,3848879638245),0,148752954222)
((0,30404326682885,-0,85890228396191,0,38118338179642),0,15666457143624)
(0,067129308795944,0,070156697831389,0,52062425301248)
(0,066729639446971,0,069836351287201,0,51788780532102)
((0,30005120414442,-0,85819982075877,0,37401172979983),0,18324183068624)
((0,30545945575391,-0,8559609129745,0,38552764581538),0,15935454390268)
(0,06588836916095,0,068182075999426,0,5097237030282)
(0,067175648398715,0,06921782321737,0,51872558302219)
((0,29996378966243,-0,85749778893104,0,37883094842835),0,17665327447465)
((0,30420541330307,-0,85563061141959,0,38791395029115),0,15772790015837)
(0,066487963348934,0,068204013916606,0,51168317257872)
(0,067501988911691,0,069009210527376,0,51873091119114)
((0,30138949725939,-0,857095127139,0,38095154710572),0,17154659056384)
((0,30385913124462,-0,85600537966802,0,38622687462944),0,16047809711187)
(0,067613736653865,0,069334890979407,0,51883378837004)
(0,068207479582482,0,069807261998195,0,52296460043987)
((0,30349623738784,-0,8559307095679,0,38668024945269),0,1604713027093)
((0,30384851034815,-0,85576489708807,0,38744333388629),0,15884012936955)
(0,068016545866811,0,069855723859979,0,52170734370653)
(0,068096796581219,0,069918595978276,0,52228900660996)
((0,30491819205534,-0,85417188158403,0,38799978868915),0,16392515622101)
((0,3060948008072,-0,85361839772229,0,39051042785524),0,15856610522162)
(0,067878710176731,0,069930508891143,0,52253542074157)
(0,068162857976329,0,070156762851831,0,52452849872563)
((0,30454265666119,-0,85492505996293,0,38920150057055),0,15773111321091)
((0,30411729866381,-0,85513124272615,0,38830294188255),0,15963725032842)
(0,068833037493114,0,070739360906847,0,52940009680972)
(0,068724264706781,0,070651911997308,0,52867951822519)
((0,29789858409887,-0,85599733647086,0,37958479670561),0,18558118346602)
((0,30432198164873,-0,8532233813267,0,39326034399285),0,15730319413621)
(0,066541596824942,0,069271629524825,0,51411025466925)
(0,068112472839088,0,070547982772586,0,52508156923352)
((0,29981771921505,-0,85317055467934,0,38962856665686),0,17435286036583)
((0,30195774167594,-0,85222696458529,0,39415015211798),0,16485260283383)
(0,066106670866031,0,071033838801513,0,52348032459418)
(0,066630784930787,0,071474572333315,0,52724738759558)
((0,30076429432254,-0,85081506905196,0,40364558744622),0,15074746190225)
((0,29796416800652,-0,85225721697208,0,39770608169395),0,16341622712213)
(0,065972577832694,0,073477907300065,0,53105720251425)
(0,065297309974458,0,072893300464141,0,52623170157113)
((0,29336152203374,-0,85171776545438,0,40375942925978),0,15966899725137)
((0,29157073266956,-0,85260808094786,0,39996169976831),0,16756075576153)
(0,063824909124452,0,074835087124045,0,52810909618431)
(0,063402264429038,0,074447443113229,0,52501075040274)
((0,2881562832912,-0,85736545448181,0,38851527640274),0,17591564416704)
((0,29044739632366,-0,85635368714667,0,39336883321926),0,16601094400922)
(0,061735006971322,0,076686509854647,0,52746663327225)
(0,062244275429207,0,077184408571249,0,53140390305153)
((0,29485085903993,-0,85208865946937,0,40963425397479),0,13859172160564)
((0,28671177407507,-0,85625823030639,0,39256454055398),0,17467479251152)
(0,062221497566159,0,080577404738143,0,54218069602853)
(0,060453212406547,0,078787473067814,0,52849829629054)
((0,28938271418416,-0,85469760727265,0,3995629232861),0,1615522057692)
((0,28507087870062,-0,85661989369796,0,39059115031904),0,17993194583008)
(0,060098690514293,0,080828947848574,0,53427856583635)
(0,059170137394113,0,079839810409235,0,52691636630644)
((0,25735328029109,-0,8491177538363,-0,38620107473677),0,25222422388736)
((0,28406140155094,-0,85831586191287,0,38180180312838),0,19191243958013)
(0,061532465102106,0,083737763597609,0,55685823261801)
(0,057593423484376,0,081445457379837,0,53309734308416)
((-0,33277480048847,0,80625021151177,-0,48073340299204),0,090093972299838)
((0,28465889821362,-0,85629300036829,0,38290512779514),0,19777581322361)
(0,058574786566359,0,081657253969093,0,54465129774965)
(0,055636951867044,0,081029016792503,0,52949725513405)
((0,2655139414023,-0,87882670594738,-0,36156212903854),0,16260010664144)
((0,28232998924693,-0,85847887540652,0,37891191247008),0,19932275394658)
(0,062619741755846,0,090811646010459,0,59421733020288)
(0,054526348963342,0,081620813450268,0,52822818569599)
((0,21841947794654,-0,74376691608723,-0,39225421270172),0,49521746617562)
((0,27828649068274,-0,85939953863251,0,37635675465451),0,20577817019217)
(0,023793953115025,0,034384660290034,0,23098960326356)
(0,053482458406229,0,081696899569376,0,5255097227803)
((0,19466798094785,-0,70593219914068,-0,36339293286155),0,57594243093938)
((0,28038179231078,-0,86251573643891,0,36855074067962),0,20401717202319)
(0,012449674323767,0,0181615168251,0,12338649557463)
(0,053302615861752,0,082784403278219,0,5301484941056)
((0,20405993973587,-0,72009477516867,-0,37326640253227),0,54817446904284)
((0,27762046880695,-0,86397541724069,0,36563941606652),0,20683609724057)
(0,016052022542627,0,023867244457597,0,16023137271928)
(0,052506327861854,0,082867087221574,0,527969598913)
((0,1908735263124,-0,70509858870592,-0,36171998405382),0,57927707558135)
((0,27609976827828,-0,86386553731743,0,3669175283677),0,20706708760323)
(0,011519409502456,0,017212242894011,0,11616298819689)
(0,052008894230957,0,082756287454764,0,52570144888455)
((3,4549362827728e-310,-9,26388896053e-317,0,0039062409899397),0,99999237061156)
((0,27630204289785,-0,86541354010258,0,36063903258857),0,21131983785527)
(-0,0,0)
(0,051524801701269,0,083262027570736,0,52628258950804)
((-0,28822155425253,0,70002054225819,-0,41850830684636),0,50174732005403)
((0,27826647530635,-0,86531779488213,0,35937270559971),0,21129160194114)
(0,0055564900282492,0,0082044066968667,0,055912748167291)
(0,051536980351747,0,083535328320959,0,52704711439117)
((-0,2792163008534,0,68672540831493,-0,36202116012771),0,56514347782862)
((0,27817459857329,-0,86545265096868,0,35820047816104),0,21284505886931)
(0,00032606588826393,0,00039984365626335,0,0025794545511762)
(0,051365540962,0,083511960500677,0,52711978746016)
((-0,2793074482359,0,69049305496962,-0,35135739138097),0,5672342319718)
((0,28019678055571,-0,86670071668774,0,3527176915825),0,2142658673328)
(0,00096618910030782,0,0014863274694852,0,0088290783660189)
(0,051213728955263,0,083812024988904,0,52715497826148)
((0,0025481905425195,-0,0011780627264268,0,51782387665505),-0,85548264252357)
((0,28139489384757,-0,8620718083272,0,36106052007869),0,21744979154851)
(-0,0,0)
(0,050914205564714,0,082860886103569,0,52329430632389)
((0,17768787675435,-0,6761726865087,-0,32421122383184),0,63726336691795)
((0,28218478825962,-0,86293765560787,0,3578909595235),0,21823017412865)
(0,0050633108649799,0,0076263670923079,0,05220727760023)
(0,051371931357541,0,083134930286557,0,52651262153158)
((-0,28619882260939,0,69627190727799,-0,40590498394038),0,51820537346194)
((0,27641697055813,-0,86189482961315,0,3585770590167),0,22837130691161)
(0,0040902376036278,0,0059916132865606,0,041428161081635)
(0,050814503013082,0,082658882426049,0,5254667215727)
((-0,2941383842862,0,69994979595133,-0,41621179978046),0,50032052902186)
((0,27513098361464,-0,86425816176199,0,35262666286329),0,23025031665759)
(0,0059782692242549,0,0088648373210057,0,060872395330144)
(0,051081414506252,0,083271515408637,0,52886792510234)
((0,19582955216077,-0,69972496558605,-0,35164138758426),0,59024070816399)
((0,27156771480291,-0,86678533234555,0,34835352930112),0,23148214300631)
(0,010465000049155,0,016062657297628,0,1086008296131)
(0,050853523226789,0,083429927995956,0,52942407724302)
((-0,30982944876576,0,71173559548958,-0,44225650872194),0,44927423171565)
((0,2719806622697,-0,86440908413422,0,35220595471744),0,23403935583389)
(0,011432000619867,0,017283220511004,0,11751774413451)
(0,050741955762322,0,083145753328267,0,52918634086096)
((-0,28290509758998,0,69649076865382,-0,40663507621911),0,51914663605372)
((0,27094871836389,-0,86503920214555,0,35271539691435),0,23213319355042)
(0,0039704204809327,0,00586772324658,0,040701949486734)
(0,050632062652807,0,083040771947634,0,52976619973807)
((0,2267171783651,-0,74370878035186,-0,38180212541196),0,4997236317132)
((0,27030201418173,-0,86524588395595,0,34990113720249),0,23633784210529)
(0,02277448576215,0,035302689669963,0,23536764545769)
(0,05059490032411,0,083167280696846,0,53031695747403)
((0,17534568672307,-0,67557165833641,-0,32386041932834),0,63872627423074)
((0,26782936854247,-0,86335315712991,0,35215198381547),0,24264734846025)
(0,0045158771602677,0,006903773006616,0,047935511870607)
(0,050424387818877,0,08295202628022,0,53030461459384)
((-0,31110072973133,0,71877708623558,-0,45471941404943),0,42403548289013)
((0,26227550385268,-0,86658417653979,0,34828051964585),0,2427840700806)
(0,013898811255678,0,021677473789333,0,14640025243566)
(0,049419797143469,0,083155394484964,0,52806166155666)
((-0,26739887017532,0,69185080968757,-0,35887227893897),0,56661361506123)
((0,24418861429548,-0,87141530405371,0,3386982140097),0,25747001444065)
(0,0010257619535051,0,0017032080294938,0,010023020541009)
(0,047578733873856,0,084074361055852,0,52502921517368)
((-0,2742496367593,0,70222587410623,-0,43142757384423),0,49551610165565)
((0,23232160928623,-0,87781248494578,0,32476774135461),0,26457102129181)
(0,0055099110608851,0,009194850351312,0,061250891769831)
(0,046939687441728,0,085569371060287,0,52768953869134)
((0,18469854937049,-0,71927850014152,-0,36635060041403),0,56063546326547)
((0,22933006172278,-0,87765319559315,0,32467503233102),0,26780349967132)
(0,011564673074762,0,02011379989987,0,13112206963187)
(0,046395820244922,0,085652961896206,0,52620650076497)
((-0,3009221325148,0,73521854457018,-0,47470172981112),0,37889026062592)
((0,22890156627655,-0,87821427301339,0,32435747727236),0,26671331157108)
(0,017993373693891,0,031087301653464,0,20141291941284)
(0,046360610766285,0,085644385985029,0,5263648701486)
((0,18428224134711,-0,72073414431989,-0,36758785967391),0,55808737143561)
((0,22864885861701,-0,87825064885779,0,32479572230228),0,26627661558639)
(0,011754258319041,0,020505666704591,0,13367567701179)
(0,046306571904034,0,085702655344699,0,52684027093784)
((0,21252267568128,-0,77406028418334,-0,38863892096658),0,45235448254793)
((0,2273173792598,-0,87903678636109,0,32219648989554),0,26797492272489)
(0,025712996773445,0,04511741699303,0,28851938216988)
(0,046384276736548,0,085947122345086,0,52813346966052)
((0,18333644197886,-0,71932730531397,-0,36672512135744),0,56077505493527)
((0,22834139892488,-0,87799114701731,0,32521466308923),0,26688419625002)
(0,011383305521589,0,019885121206261,0,12971101118997)
(0,046188300570245,0,085620593962075,0,52622033612131)
((-0,27966933392527,0,70840267317949,-0,44498094630197),0,47110792152346)
((0,22793075747009,-0,87897682659156,0,322857759447),0,2668523473365)
(0,0077430437130283,0,013244781014171,0,087393561968693)
(0,046324679409652,0,085850662192517,0,52761795014317)
((0,23911294459608,-0,8666998985888,-0,36747094162836),0,23795250066247)
((0,22878562641528,-0,87864058612013,0,32392818504343),0,26592929229912)
(0,051332961792311,0,090724540278583,0,5695766901283)
(0,046300414077683,0,085819561867297,0,52745537661425)
((-0,30911810192787,0,7813991645233,-0,48709432453095),0,23790851971405)
((0,22775635171243,-0,87857844370327,0,32415334900296),0,26674251413066)
(0,036026009021471,0,062899247891336,0,4005012239951)
(0,046287199345295,0,085773072892992,0,52716961922564)
((0,18280212036367,-0,71903037696011,-0,36655503587325),0,56144109884752)
((0,22775274412436,-0,87810933314297,0,32480227237885),0,26749985130568)
(0,011293539895845,0,019726751164454,0,12867983512042)
(0,046207439742913,0,085647361810065,0,52628793713954)
((0,22247088917233,-0,79973380706268,-0,39103910392294),0,39751850336185)
((0,22813135059593,-0,8779357751337,0,32556496995683),0,2668188748059)
(0,033147334204421,0,058206939439995,0,36997851506412)
(0,046227969692568,0,085642489458986,0,52634263709082)
((-0,23490715672363,0,93776512018876,0,22798375770323),0,11592503310716)
((0,22702619474916,-0,87797611920816,0,32513697039219),0,26814733167063)
(0,0489206042746,0,090228925197099,0,5536660683657)
(0,046195619060677,0,085645018900944,0,52616118060424)
((-0,28149835264409,0,7099607987145,-0,44787787093856),0,46488681899026)
((0,22873220296224,-0,87862139632337,0,32451413022333),0,26532357704549)
(0,0083330367130872,0,014272570953894,0,094051034605803)
(0,046259912073886,0,085727075017293,0,52686733732942)
((0,2415766643018,-0,92291409128785,-0,29825542171056),0,030232412860945)
((0,22742292852967,-0,87854604755948,0,32303195484665),0,26848837971979)
(0,05514409498256,0,099537607606937,0,61733865157198)
(0,046325667518248,0,085838106658034,0,52740310820001)
((0,096674017001679,-0,70456052905186,-0,22064613692001),0,6675057135345)
((0,22867604918331,-0,87925661461472,0,32326710545987),0,26478944222491)
(0,0062214578759497,0,011778866381824,0,067587608227087)
(0,046349830930006,0,085850660196597,0,52795509468976)
((-0,28647942604741,0,71549168700468,-0,45604361873775),0,44500045178328)
((0,22750805222253,-0,87875437309786,0,32374855546599),0,26686646617547)
(0,010395851572073,0,017875901857911,0,11729894282765)
(0,046334683465695,0,085846900938115,0,52772184582178)
((-0,30765667383327,0,75896961234838,-0,48479858119295),0,30705509969857)
((0,22715738817248,-0,87882054210378,0,32209040577157),0,26894561956831)
(0,027209438611227,0,047361969791543,0,30363702038547)
(0,046385149992702,0,085936473832869,0,52799975706608)
((-0,28743182045959,0,7162078448932,-0,45694457584304),0,44230184954209)
((0,22706403374911,-0,87847197640176,0,32345049432367),0,26853061087358)
(0,010675491037937,0,018364635294051,0,12041841695217)
(0,046268649258253,0,085742104851895,0,52686763687346)
((0,23181495447807,-0,83436307471841,-0,38354773980053),0,32092244814079)
((0,22800038326944,-0,87888540676654,0,32395384227819),0,26576338174211)
(0,043175473843078,0,075981751913541,0,47980212788469)
(0,046260197169802,0,085719552245755,0,52699626466754)
